tRNA1	gene-PACH01_0004	99.458	2582	7	1	1	2582	1	2575	0.0	4684	100
tRNA2	gene-PACH01_0006	100.000	72	0	0	1	72	1	72	2.18e-35	134	100
tRNA3	gene-PACH01_0040	100.000	88	0	0	1	88	1	88	3.52e-44	163	100
tRNA3	gene-PACH01_0009	100.000	88	0	0	1	88	1	88	3.52e-44	163	100
tRNA4	gene-PACH01_0017	100.000	74	0	0	1	74	1	74	1.74e-36	137	100
tRNA5	gene-PACH01_0018	100.000	74	0	0	1	74	1	74	1.74e-36	137	100
tRNA6	gene-PACH01_0030	100.000	74	0	0	1	74	1	74	1.74e-36	137	100
tRNA7	gene-PACH01_0034	100.000	73	0	0	1	73	1	73	6.17e-36	135	100
tRNA8	gene-PACH01_0035	100.000	619	0	0	1	619	1	619	0.0	1144	100
tRNA9	gene-PACH01_0119	98.667	75	1	0	1	75	1	75	2.29e-35	134	100
tRNA9	gene-PACH01_0037	98.667	75	1	0	1	75	1	75	2.29e-35	134	100
tRNA10	gene-PACH01_0038	100.000	72	0	0	1	72	1	72	2.18e-35	134	100
tRNA10	gene-PACH01_0096	92.958	71	5	0	2	72	1	71	1.71e-26	104	99
tRNA11	gene-PACH01_0040	100.000	88	0	0	1	88	1	88	3.52e-44	163	100
tRNA11	gene-PACH01_0009	100.000	88	0	0	1	88	1	88	3.52e-44	163	100
tRNA12	gene-PACH01_0042	100.000	73	0	0	1	73	1	73	6.17e-36	135	100
tRNA13	gene-PACH01_0043	100.000	84	0	0	1	84	1	84	5.59e-42	156	100
tRNA14	gene-PACH01_0044	100.000	74	0	0	1	74	1	74	1.74e-36	137	100
tRNA15	gene-PACH01_0047	100.000	71	0	0	1	71	1	71	7.72e-35	132	100
tRNA16	gene-PACH01_0056	100.000	70	0	0	1	70	1	70	2.73e-34	130	100
tRNA17	gene-PACH01_0058	98.812	842	8	2	1	841	1	841	0.0	1498	100
tRNA18	gene-PACH01_0120	100.000	74	0	0	1	74	1	74	1.74e-36	137	100
tRNA18	gene-PACH01_0079	100.000	74	0	0	1	74	1	74	1.74e-36	137	100
tRNA19	gene-PACH01_0080	100.000	73	0	0	1	73	1	73	6.17e-36	135	100
tRNA20	gene-PACH01_0082	99.651	573	2	0	1	573	1	573	0.0	1048	100
tRNA21	gene-PACH01_0083	100.000	73	0	0	1	73	1	73	6.17e-36	135	100
tRNA22	gene-PACH01_0085	100.000	87	0	0	1	87	1	87	1.25e-43	161	100
tRNA23	gene-PACH01_0090	100.000	74	0	0	1	74	1	74	1.74e-36	137	100
tRNA24	gene-PACH01_0091	100.000	71	0	0	1	71	1	71	7.72e-35	132	100
tRNA25	gene-PACH01_0093	100.000	87	0	0	1	87	1	87	1.25e-43	161	100
tRNA26	gene-PACH01_0096	100.000	71	0	0	1	71	1	71	7.72e-35	132	100
tRNA26	gene-PACH01_0038	92.958	71	5	0	1	71	2	72	1.68e-26	104	100
tRNA27	gene-PACH01_0098	98.396	1060	2	1	1	1045	1	1060	0.0	1849	100
tRNA28	gene-PACH01_0100	99.883	857	1	0	1	857	1	857	0.0	1578	100
tRNA29	gene-PACH01_0105	100.000	74	0	0	1	74	1	74	1.74e-36	137	100
tRNA30	gene-PACH01_0106	98.611	72	1	0	1	72	1	72	1.02e-33	128	100
tRNA31	gene-PACH01_0112	100.000	78	0	0	1	78	1	78	1.11e-38	145	100
tRNA32	gene-PACH01_0113	100.000	74	0	0	1	74	1	74	1.74e-36	137	100
tRNA33	gene-PACH01_0115	100.000	72	0	0	1	72	1	72	2.18e-35	134	100
tRNA34	gene-PACH01_0117	100.000	81	0	0	1	81	1	81	2.49e-40	150	100
tRNA35	gene-PACH01_0119	100.000	75	0	0	1	75	1	75	4.92e-37	139	100
tRNA35	gene-PACH01_0037	100.000	75	0	0	1	75	1	75	4.92e-37	139	100
tRNA36	gene-PACH01_0120	100.000	74	0	0	1	74	1	74	1.74e-36	137	100
tRNA36	gene-PACH01_0079	100.000	74	0	0	1	74	1	74	1.74e-36	137	100
