mRNA1	gene-PACH01_0001	99.718	354	1	0	1	354	1	354	0.0	714	100
mRNA1	gene-PACH01_0095	31.544	298	193	6	8	302	10	299	8.63e-46	152	83
mRNA1	gene-PACH01_0121	35.294	34	18	1	219	248	866	899	2.4	21.2	8
mRNA1	gene-PACH01_0050	41.176	17	10	0	181	197	1201	1217	4.5	20.4	10
mRNA1	gene-PACH01_0050	41.176	17	10	0	76	92	1152	1168	9.6	19.2	10
mRNA1	gene-PACH01_0032	41.176	17	10	0	193	209	156	172	9.1	19.2	5
mRNA1	gene-PACH01_0003	28.261	46	30	1	12	54	308	353	9.8	19.2	12
mRNA2	gene-PACH01_0003	99.419	516	3	0	1	516	1	516	0.0	1044	100
mRNA2	gene-PACH01_0007	64.286	14	5	0	361	374	32	45	0.35	22.3	9
mRNA2	gene-PACH01_0007	33.333	18	12	0	356	373	30	47	3.2	20.0	9
mRNA2	gene-PACH01_0007	35.714	28	16	1	135	160	8	35	6.8	18.9	9
mRNA2	gene-PACH01_0118	28.814	59	25	3	205	246	1920	1978	0.48	24.3	17
mRNA2	gene-PACH01_0118	33.333	45	25	2	318	362	1332	1371	1.9	22.3	17
mRNA2	gene-PACH01_0094	21.348	89	62	2	270	350	145	233	0.55	23.9	23
mRNA2	gene-PACH01_0094	25.000	40	29	1	386	424	92	131	8.6	20.0	23
mRNA2	gene-PACH01_0121	32.143	28	19	0	250	277	1057	1084	2.4	21.9	5
mRNA2	gene-PACH01_0111	22.500	40	31	0	166	205	96	135	2.8	21.6	8
mRNA2	gene-PACH01_0108	28.947	38	27	0	401	438	297	334	5.0	20.8	7
mRNA2	gene-PACH01_0025	29.630	27	19	0	63	89	148	174	6.5	20.4	5
mRNA2	gene-PACH01_0066	28.070	57	30	3	95	149	213	260	7.0	20.0	11
mRNA2	gene-PACH01_0050	43.478	23	13	0	242	264	1183	1205	8.2	20.0	4
mRNA3	gene-PACH01_0005	99.805	514	1	0	1	514	1	514	0.0	1070	100
mRNA3	gene-PACH01_0108	36.364	33	19	1	78	110	92	122	0.093	26.2	6
mRNA3	gene-PACH01_0014	27.586	58	40	2	268	325	31	86	0.18	23.9	11
mRNA3	gene-PACH01_0118	41.667	24	14	0	341	364	587	610	0.92	23.1	7
mRNA3	gene-PACH01_0118	70.000	10	3	0	290	299	595	604	8.5	20.0	7
mRNA3	gene-PACH01_0066	21.429	56	43	1	297	351	114	169	6.4	20.4	11
mRNA3	gene-PACH01_0095	25.581	43	29	2	435	475	63	104	6.9	20.0	8
mRNA3	gene-PACH01_0016	30.000	20	14	0	102	121	2	21	8.6	18.1	4
mRNA3	gene-PACH01_0050	33.333	27	18	0	224	250	115	141	9.1	20.0	5
mRNA4	gene-PACH01_0007	100.000	60	0	0	1	60	1	60	1.46e-39	116	100
mRNA4	gene-PACH01_0003	64.286	14	5	0	32	45	361	374	0.044	22.3	67
mRNA4	gene-PACH01_0003	33.333	18	12	0	30	47	356	373	0.39	19.6	67
mRNA4	gene-PACH01_0003	35.714	28	16	1	8	35	135	160	0.85	18.9	67
mRNA4	gene-PACH01_0107	55.556	9	4	0	33	41	198	206	0.62	19.2	15
mRNA4	gene-PACH01_0031	42.857	14	8	0	1	14	387	400	1.2	18.5	23
mRNA4	gene-PACH01_0074	33.333	15	10	0	39	53	126	140	1.3	18.1	25
mRNA4	gene-PACH01_0050	38.462	13	8	0	41	53	677	689	5.3	16.5	22
mRNA5	gene-PACH01_0041	100.000	37	0	0	1	37	1	37	5.09e-23	73.2	100
mRNA5	gene-PACH01_0008	100.000	37	0	0	1	37	1	37	5.09e-23	73.2	100
mRNA5	gene-PACH01_0087	34.615	26	16	1	12	36	441	466	0.32	18.9	68
mRNA5	gene-PACH01_0052	50.000	18	9	0	12	29	96	113	0.67	18.1	49
mRNA5	gene-PACH01_0121	41.667	12	7	0	16	27	132	143	6.9	15.4	32
mRNA5	gene-PACH01_0021	75.000	8	2	0	17	24	29	36	8.3	15.0	22
mRNA6	gene-PACH01_0059	100.000	34	0	0	1	34	1	34	1.95e-18	61.6	100
mRNA6	gene-PACH01_0010	100.000	34	0	0	1	34	1	34	1.95e-18	61.6	100
mRNA7	gene-PACH01_0011	100.000	197	0	0	1	197	1	197	2.22e-150	407	100
mRNA7	gene-PACH01_0118	24.561	57	37	1	125	175	864	920	0.63	21.9	35
mRNA7	gene-PACH01_0118	35.294	17	11	0	31	47	1112	1128	5.4	19.2	35
mRNA7	gene-PACH01_0003	29.508	61	36	3	10	68	4	59	2.9	20.0	30
mRNA7	gene-PACH01_0065	24.528	53	29	1	3	55	62	103	3.2	19.6	27
mRNA7	gene-PACH01_0055	41.667	24	13	1	148	170	11	34	4.1	19.2	12
mRNA7	gene-PACH01_0050	50.000	14	7	0	150	163	188	201	6.1	18.9	7
mRNA7	gene-PACH01_0094	41.176	17	10	0	53	69	271	287	7.1	18.5	9
mRNA7	gene-PACH01_0029	32.836	67	34	4	113	170	82	146	8.2	18.5	29
mRNA8	gene-PACH01_0012	100.000	124	0	0	1	124	1	124	5.27e-90	249	100
mRNA8	gene-PACH01_0121	32.143	28	13	1	87	114	848	869	1.5	20.0	23
mRNA8	gene-PACH01_0107	25.926	27	20	0	51	77	210	236	2.1	19.2	22
mRNA8	gene-PACH01_0005	31.818	22	12	1	80	98	199	220	8.3	17.7	15
mRNA9	gene-PACH01_0013	100.000	120	0	0	1	120	1	120	4.27e-86	238	100
mRNA9	gene-PACH01_0026	38.095	21	13	0	42	62	150	170	3.5	18.5	18
mRNA9	gene-PACH01_0015	41.667	12	7	0	77	88	49	60	3.8	17.7	10
mRNA9	gene-PACH01_0111	45.455	11	6	0	83	93	179	189	4.5	18.5	9
mRNA9	gene-PACH01_0108	75.000	8	2	0	69	76	134	141	6.2	18.1	7
mRNA9	gene-PACH01_0048	36.842	19	12	0	8	26	813	831	6.8	17.7	16
mRNA9	gene-PACH01_0076	28.571	21	15	0	26	46	57	77	8.7	17.3	18
mRNA9	gene-PACH01_0118	38.095	21	13	0	43	63	1938	1958	8.8	17.7	18
mRNA10	gene-PACH01_0014	100.000	94	0	0	1	94	1	94	1.44e-66	187	100
mRNA10	gene-PACH01_0005	27.586	58	40	2	31	86	268	325	0.034	23.9	60
mRNA10	gene-PACH01_0065	38.462	13	8	0	39	51	166	178	2.7	18.5	14
mRNA10	gene-PACH01_0076	29.032	31	22	0	49	79	183	213	4.0	18.1	33
mRNA10	gene-PACH01_0032	38.889	18	11	0	51	68	467	484	7.4	17.3	19
mRNA11	gene-PACH01_0015	100.000	69	0	0	1	69	1	69	1.35e-49	142	100
mRNA11	gene-PACH01_0013	41.667	12	7	0	49	60	77	88	2.2	17.7	17
mRNA11	gene-PACH01_0048	29.787	47	28	1	3	44	739	785	2.8	17.7	61
mRNA11	gene-PACH01_0048	28.571	21	15	0	23	43	872	892	6.0	16.9	61
mRNA11	gene-PACH01_0019	44.444	18	10	0	9	26	14	31	2.9	16.9	26
mRNA11	gene-PACH01_0118	55.556	9	4	0	15	23	648	656	4.5	17.3	13
mRNA11	gene-PACH01_0108	42.857	14	8	0	4	17	2	15	7.3	16.5	20
mRNA12	gene-PACH01_0016	100.000	43	0	0	1	43	1	43	7.35e-27	83.6	100
mRNA12	gene-PACH01_0087	42.857	14	8	0	19	32	82	95	3.5	16.5	33
mRNA12	gene-PACH01_0005	50.000	10	5	0	7	16	241	250	5.7	15.8	23
mRNA13	gene-PACH01_0019	100.000	38	0	0	1	38	1	38	2.30e-23	74.3	100
mRNA13	gene-PACH01_0121	53.333	15	7	0	3	17	305	319	0.069	20.8	71
mRNA13	gene-PACH01_0121	75.000	8	2	0	5	12	153	160	4.5	15.8	71
mRNA13	gene-PACH01_0121	42.105	19	11	0	11	29	117	135	5.1	15.8	71
mRNA13	gene-PACH01_0015	44.444	18	10	0	14	31	9	26	1.6	16.9	47
mRNA13	gene-PACH01_0064	33.333	21	11	1	7	27	120	137	2.7	16.5	55
mRNA13	gene-PACH01_0048	28.571	28	20	0	4	31	862	889	4.2	15.8	74
mRNA13	gene-PACH01_0118	35.294	17	11	0	6	22	65	81	6.3	15.4	45
mRNA14	gene-PACH01_0020	100.000	34	0	0	14	47	1	34	1.73e-18	63.2	54
mRNA14	gene-PACH01_0094	41.176	17	10	0	13	29	200	216	0.91	18.9	27
mRNA14	gene-PACH01_0111	32.143	28	18	1	34	60	45	72	7.3	16.2	43
mRNA15	gene-PACH01_0021	100.000	84	0	0	1	84	1	84	5.39e-60	170	100
mRNA15	gene-PACH01_0022	33.333	21	14	0	14	34	9	29	0.032	22.3	25
mRNA15	gene-PACH01_0027	34.375	32	19	2	49	78	137	168	1.8	18.5	36
mRNA15	gene-PACH01_0026	54.545	11	5	0	66	76	88	98	2.4	18.5	13
mRNA15	gene-PACH01_0070	53.846	13	6	0	6	18	2	14	2.8	18.1	15
mRNA15	gene-PACH01_0049	29.730	37	24	2	25	60	543	578	4.8	17.7	43
mRNA15	gene-PACH01_0121	28.947	38	25	2	17	52	760	797	6.7	17.3	43
mRNA15	gene-PACH01_0048	34.286	35	19	1	6	36	156	190	7.9	16.9	37
mRNA16	gene-PACH01_0022	100.000	40	0	0	1	40	1	40	2.56e-26	81.6	100
mRNA16	gene-PACH01_0021	33.333	21	14	0	9	29	14	34	0.015	22.3	53
mRNA16	gene-PACH01_0075	33.333	24	14	1	8	29	59	82	0.58	18.1	55
mRNA16	gene-PACH01_0087	57.143	7	3	0	8	14	260	266	6.7	15.4	18
mRNA17	gene-PACH01_0023	100.000	39	0	0	1	39	1	39	9.72e-24	75.1	100
mRNA17	gene-PACH01_0121	20.000	35	28	0	3	37	1052	1086	0.59	18.1	90
mRNA17	gene-PACH01_0084	35.294	17	11	0	1	17	21	37	0.67	18.1	44
mRNA17	gene-PACH01_0074	45.455	11	6	0	8	18	69	79	5.1	15.8	28
mRNA17	gene-PACH01_0027	25.000	20	15	0	19	38	68	87	5.6	15.4	51
mRNA17	gene-PACH01_0028	50.000	18	9	0	21	38	15	32	6.3	15.0	46
mRNA17	gene-PACH01_0087	83.333	6	1	0	16	21	503	508	7.1	15.4	15
mRNA18	gene-PACH01_0024	100.000	41	0	0	1	41	1	41	3.63e-24	76.6	100
mRNA18	gene-PACH01_0121	50.000	10	5	0	28	37	135	144	0.32	19.2	24
mRNA18	gene-PACH01_0118	55.556	9	4	0	18	26	1416	1424	6.4	15.8	39
mRNA18	gene-PACH01_0118	55.556	9	4	0	25	33	1447	1455	7.5	15.4	39
mRNA19	gene-PACH01_0025	100.000	320	0	0	1	320	1	320	0.0	647	96
mRNA19	gene-PACH01_0088	46.667	15	8	0	272	286	71	85	2.9	20.8	5
mRNA19	gene-PACH01_0094	31.818	44	27	1	258	298	83	126	3.3	20.4	12
mRNA19	gene-PACH01_0054	24.074	54	39	1	265	316	15	68	3.6	20.0	16
mRNA19	gene-PACH01_0003	29.630	27	19	0	148	174	63	89	4.5	20.0	8
mRNA19	gene-PACH01_0076	28.000	50	36	0	241	290	177	226	5.3	19.6	15
mRNA19	gene-PACH01_0050	37.931	29	13	2	144	167	878	906	6.9	19.6	7
mRNA20	gene-PACH01_0026	100.000	262	0	0	1	262	1	262	0.0	533	100
mRNA20	gene-PACH01_0051	32.653	49	31	1	60	106	98	146	0.017	26.9	18
mRNA20	gene-PACH01_0032	23.077	65	43	2	43	106	352	410	0.50	22.7	24
mRNA20	gene-PACH01_0064	31.111	45	29	1	11	55	40	82	3.7	20.0	17
mRNA20	gene-PACH01_0121	50.000	18	8	1	147	164	148	164	4.1	20.0	7
mRNA20	gene-PACH01_0118	41.463	41	23	1	120	160	1125	1164	5.7	19.6	21
mRNA20	gene-PACH01_0118	46.667	15	8	0	57	71	1249	1263	6.8	19.2	21
mRNA20	gene-PACH01_0021	54.545	11	5	0	88	98	66	76	7.6	18.5	4
mRNA20	gene-PACH01_0013	38.095	21	13	0	150	170	42	62	7.7	18.5	8
mRNA20	gene-PACH01_0060	28.205	78	41	3	14	76	7	84	8.2	18.9	24
mRNA20	gene-PACH01_0076	23.684	38	27	1	56	93	241	276	8.7	18.9	15
mRNA21	gene-PACH01_0027	99.459	185	1	0	1	185	1	185	2.34e-135	368	100
mRNA21	gene-PACH01_0050	25.641	39	29	0	29	67	1016	1054	2.2	20.4	21
mRNA21	gene-PACH01_0121	26.154	65	42	2	86	145	1051	1114	2.6	20.0	32
mRNA21	gene-PACH01_0121	50.000	16	8	0	114	129	954	969	9.0	18.1	32
mRNA21	gene-PACH01_0021	34.375	32	19	2	137	168	49	78	4.3	18.5	17
mRNA21	gene-PACH01_0072	29.630	27	19	0	15	41	84	110	4.5	18.9	15
mRNA21	gene-PACH01_0066	57.143	14	6	0	135	148	46	59	5.6	18.9	8
mRNA22	gene-PACH01_0028	100.000	37	0	0	1	37	1	37	4.25e-22	70.9	100
mRNA22	gene-PACH01_0087	75.000	8	2	0	26	33	450	457	2.2	16.5	22
mRNA22	gene-PACH01_0121	71.429	7	2	0	4	10	605	611	3.0	16.2	19
mRNA22	gene-PACH01_0003	71.429	7	2	0	11	17	367	373	3.5	16.2	19
mRNA22	gene-PACH01_0023	50.000	18	9	0	15	32	21	38	6.0	15.0	49
mRNA22	gene-PACH01_0107	46.154	13	7	0	13	25	46	58	6.4	15.4	35
mRNA22	gene-PACH01_0025	42.857	14	8	0	19	32	125	138	6.7	15.4	38
mRNA22	gene-PACH01_0088	55.556	9	4	0	26	34	230	238	7.4	15.4	24
mRNA23	gene-PACH01_0029	99.694	327	1	0	1	327	1	327	0.0	675	100
mRNA23	gene-PACH01_0095	25.000	48	35	1	206	252	242	289	0.54	23.1	35
mRNA23	gene-PACH01_0095	22.667	75	48	2	42	107	248	321	3.6	20.4	35
mRNA23	gene-PACH01_0011	34.328	67	33	4	82	146	113	170	0.75	22.3	20
mRNA23	gene-PACH01_0076	47.059	17	9	0	250	266	112	128	0.78	22.3	5
mRNA23	gene-PACH01_0108	20.645	155	94	5	4	137	278	424	2.1	21.2	41
mRNA23	gene-PACH01_0048	38.095	21	13	0	175	195	165	185	4.5	20.0	6
mRNA23	gene-PACH01_0121	45.000	20	9	1	31	48	1721	1740	7.3	19.6	17
mRNA23	gene-PACH01_0121	28.947	38	26	1	148	184	915	952	9.5	19.2	17
mRNA24	gene-PACH01_0031	98.529	476	7	0	1	476	1	476	0.0	980	100
mRNA24	gene-PACH01_0107	26.136	88	43	4	265	347	123	193	0.049	26.9	17
mRNA24	gene-PACH01_0076	24.161	149	99	4	278	425	34	169	1.3	22.3	31
mRNA24	gene-PACH01_0071	36.364	22	14	0	285	306	71	92	2.4	20.8	5
mRNA24	gene-PACH01_0121	26.316	38	28	0	422	459	692	729	6.4	20.4	8
mRNA24	gene-PACH01_0007	42.857	14	8	0	387	400	1	14	9.6	18.5	3
mRNA25	gene-PACH01_0032	99.797	493	1	0	1	493	1	493	0.0	996	100
mRNA25	gene-PACH01_0055	25.369	406	272	13	67	456	67	457	2.30e-19	82.0	79
mRNA25	gene-PACH01_0026	23.077	65	43	2	352	410	43	106	0.91	22.7	12
mRNA25	gene-PACH01_0049	25.000	84	49	4	93	168	540	617	1.00	23.1	15
mRNA25	gene-PACH01_0049	26.000	50	36	1	119	168	61	109	5.8	20.4	15
mRNA25	gene-PACH01_0052	26.190	42	23	1	254	287	75	116	3.1	21.2	7
mRNA25	gene-PACH01_0121	28.571	63	39	3	112	174	792	848	3.4	21.2	13
mRNA25	gene-PACH01_0073	43.750	16	9	0	451	466	157	172	7.4	20.0	16
mRNA25	gene-PACH01_0073	24.242	66	45	1	263	323	98	163	7.6	20.0	16
mRNA26	gene-PACH01_0033	99.275	138	1	0	1	138	1	138	1.62e-98	271	100
mRNA26	gene-PACH01_0095	42.105	19	11	0	51	69	106	124	0.91	20.8	14
mRNA26	gene-PACH01_0089	47.059	17	9	0	98	114	1	17	2.2	19.2	12
mRNA26	gene-PACH01_0060	34.375	32	15	1	94	125	364	389	3.4	18.9	23
mRNA26	gene-PACH01_0084	20.690	29	23	0	34	62	160	188	4.9	18.5	21
mRNA27	gene-PACH01_0039	100.000	30	0	0	1	30	2	31	1.41e-16	56.6	100
mRNA27	gene-PACH01_0121	38.889	18	11	0	8	25	148	165	4.8	15.4	60
mRNA28	gene-PACH01_0041	100.000	37	0	0	1	37	1	37	5.09e-23	73.2	100
mRNA28	gene-PACH01_0008	100.000	37	0	0	1	37	1	37	5.09e-23	73.2	100
mRNA28	gene-PACH01_0087	34.615	26	16	1	12	36	441	466	0.32	18.9	68
mRNA28	gene-PACH01_0052	50.000	18	9	0	12	29	96	113	0.67	18.1	49
mRNA28	gene-PACH01_0121	41.667	12	7	0	16	27	132	143	6.9	15.4	32
mRNA28	gene-PACH01_0021	75.000	8	2	0	17	24	29	36	8.3	15.0	22
mRNA29	gene-PACH01_0045	100.000	38	0	0	1	38	1	38	1.41e-22	72.4	100
mRNA29	gene-PACH01_0066	66.667	6	2	0	22	27	225	230	8.4	15.0	16
mRNA29	gene-PACH01_0013	87.500	8	1	0	5	12	94	101	9.0	15.0	21
mRNA30	gene-PACH01_0046	100.000	30	0	0	1	30	1	30	8.88e-17	57.0	100
mRNA30	gene-PACH01_0111	44.444	18	10	0	6	23	4	21	7.8	14.6	60
mRNA31	gene-PACH01_0048	99.907	1077	1	0	1	1077	1	1077	0.0	2222	100
mRNA31	gene-PACH01_0095	25.862	58	34	2	508	559	25	79	2.1	23.1	5
mRNA31	gene-PACH01_0050	33.333	42	27	1	346	386	1167	1208	4.3	21.9	4
mRNA31	gene-PACH01_0088	30.303	66	42	1	398	459	307	372	5.2	21.9	6
mRNA31	gene-PACH01_0121	35.897	39	19	1	644	682	1658	1690	5.4	21.9	4
mRNA31	gene-PACH01_0076	37.838	37	19	2	812	846	103	137	7.7	21.2	3
mRNA31	gene-PACH01_0094	30.769	39	14	2	781	816	214	242	7.7	21.2	3
mRNA32	gene-PACH01_0049	100.000	697	0	0	1	697	1	697	0.0	1439	100
mRNA32	gene-PACH01_0032	25.000	84	49	4	540	617	93	168	1.4	23.1	11
mRNA32	gene-PACH01_0121	36.585	41	21	3	371	406	198	238	4.0	21.6	5
mRNA32	gene-PACH01_0055	41.667	24	11	1	151	171	466	489	6.9	20.8	3
mRNA32	gene-PACH01_0073	28.125	32	20	1	205	236	154	182	8.7	20.0	5
mRNA33	gene-PACH01_0050	99.918	1219	1	0	1	1219	1	1219	0.0	2533	100
mRNA33	gene-PACH01_0109	29.630	27	19	0	214	240	26	52	1.4	22.7	2
mRNA33	gene-PACH01_0118	50.000	18	9	0	713	730	1908	1925	3.7	22.7	1
mRNA33	gene-PACH01_0048	33.333	42	27	1	1167	1208	346	386	4.3	22.3	3
mRNA33	gene-PACH01_0084	28.571	56	31	2	374	429	113	159	4.7	21.9	5
mRNA33	gene-PACH01_0088	37.037	27	17	0	990	1016	171	197	5.7	21.9	2
mRNA33	gene-PACH01_0095	46.667	15	8	0	138	152	194	208	8.4	21.2	1
mRNA33	gene-PACH01_0121	29.268	41	29	0	962	1002	830	870	9.6	21.2	3
mRNA34	gene-PACH01_0051	99.149	235	2	0	1	235	1	235	1.39e-180	487	100
mRNA34	gene-PACH01_0026	32.653	49	31	1	98	146	60	106	0.013	27.3	21
mRNA34	gene-PACH01_0064	24.490	49	37	0	85	133	65	113	1.5	20.8	21
mRNA34	gene-PACH01_0087	28.788	66	30	3	57	109	679	740	2.9	20.4	40
mRNA34	gene-PACH01_0087	30.952	42	19	2	183	224	217	248	5.0	19.6	40
mRNA34	gene-PACH01_0118	27.869	61	26	3	129	171	1052	1112	3.4	20.0	18
mRNA34	gene-PACH01_0107	28.571	21	15	0	55	75	15	35	7.3	18.9	9
mRNA34	gene-PACH01_0121	42.105	19	11	0	115	133	81	99	7.8	18.9	8
mRNA34	gene-PACH01_0055	38.095	21	13	0	66	86	161	181	9.6	18.5	51
mRNA34	gene-PACH01_0055	26.415	106	50	6	118	217	261	344	9.6	18.5	51
mRNA35	gene-PACH01_0052	100.000	249	0	0	1	249	1	249	0.0	495	100
mRNA35	gene-PACH01_0032	26.190	42	23	1	75	116	254	287	1.1	21.6	17
mRNA35	gene-PACH01_0003	23.077	52	30	2	158	209	328	369	1.4	21.2	21
mRNA35	gene-PACH01_0118	66.667	9	3	0	90	98	1203	1211	9.6	18.9	4
mRNA36	gene-PACH01_0053	100.000	82	0	0	1	82	1	82	1.63e-53	153	100
mRNA36	gene-PACH01_0076	36.364	22	14	0	21	42	148	169	6.3	16.9	27
mRNA37	gene-PACH01_0054	99.459	185	1	0	1	185	1	185	6.35e-136	370	100
mRNA37	gene-PACH01_0095	30.303	33	23	0	115	147	301	333	0.089	24.3	18
mRNA37	gene-PACH01_0025	24.074	54	39	1	15	68	265	316	2.4	20.0	29
mRNA37	gene-PACH01_0116	36.842	38	17	1	121	151	31	68	3.0	19.2	17
mRNA37	gene-PACH01_0086	47.619	21	10	1	159	178	64	84	4.3	18.9	11
mRNA37	gene-PACH01_0050	34.783	23	15	0	24	46	707	729	7.9	18.5	12
mRNA37	gene-PACH01_0048	39.394	33	16	1	79	107	1043	1075	8.0	18.5	16
mRNA38	gene-PACH01_0055	99.803	508	1	0	1	508	1	508	0.0	1018	100
mRNA38	gene-PACH01_0032	25.616	406	271	13	67	457	67	456	1.66e-17	76.3	77
mRNA38	gene-PACH01_0095	25.000	60	42	2	408	464	130	189	1.8	21.9	11
mRNA38	gene-PACH01_0065	22.388	67	45	2	1	61	101	166	4.4	20.4	12
mRNA38	gene-PACH01_0049	41.667	24	11	1	466	489	151	171	5.1	20.8	5
mRNA38	gene-PACH01_0048	26.316	38	28	0	48	85	638	675	8.6	20.0	7
mRNA39	gene-PACH01_0059	100.000	34	0	0	1	34	1	34	1.95e-18	61.6	100
mRNA39	gene-PACH01_0010	100.000	34	0	0	1	34	1	34	1.95e-18	61.6	100
mRNA40	gene-PACH01_0060	100.000	509	0	0	1	509	1	509	0.0	1031	100
mRNA40	gene-PACH01_0094	24.768	323	181	13	2	291	32	325	2.52e-15	69.3	67
mRNA40	gene-PACH01_0094	29.412	51	36	0	419	469	394	444	0.002	31.6	67
mRNA40	gene-PACH01_0118	39.286	28	16	1	256	283	1910	1936	0.46	24.3	6
mRNA40	gene-PACH01_0121	35.556	45	18	2	284	319	79	121	0.52	23.9	18
mRNA40	gene-PACH01_0121	27.273	55	31	2	409	463	790	835	9.0	20.0	18
mRNA40	gene-PACH01_0088	25.676	74	53	2	156	228	66	138	2.5	21.6	14
mRNA40	gene-PACH01_0033	34.375	32	15	1	364	389	94	125	3.5	20.8	5
mRNA40	gene-PACH01_0087	32.500	40	27	0	167	206	101	140	7.0	20.4	17
mRNA40	gene-PACH01_0087	35.000	40	24	1	302	341	266	303	7.0	20.4	17
mRNA40	gene-PACH01_0087	40.000	30	12	2	189	213	278	306	8.5	20.0	17
mRNA41	gene-PACH01_0061	100.000	36	0	0	1	36	1	36	2.46e-22	71.6	100
mRNA41	gene-PACH01_0074	36.000	25	16	0	9	33	79	103	0.73	17.7	69
mRNA41	gene-PACH01_0077	26.667	45	23	1	1	35	17	61	1.5	16.9	97
mRNA41	gene-PACH01_0052	46.154	13	7	0	21	33	56	68	1.6	16.9	36
mRNA41	gene-PACH01_0070	57.143	7	3	0	23	29	91	97	7.4	15.0	19
mRNA42	gene-PACH01_0062	100.000	44	0	0	1	44	1	44	7.72e-30	90.9	100
mRNA42	gene-PACH01_0087	26.667	30	16	1	13	36	442	471	0.32	19.2	55
mRNA42	gene-PACH01_0054	46.667	15	8	0	23	37	110	124	3.0	16.5	34
mRNA42	gene-PACH01_0050	57.143	7	3	0	37	43	505	511	4.5	16.2	16
mRNA42	gene-PACH01_0088	66.667	6	2	0	38	43	31	36	9.3	15.4	14
mRNA42	gene-PACH01_0060	42.857	21	10	1	17	37	36	54	9.7	15.4	48
mRNA43	gene-PACH01_0063	98.684	76	1	0	1	76	1	76	4.76e-52	149	100
mRNA43	gene-PACH01_0048	42.105	19	11	0	54	72	836	854	3.0	18.1	25
mRNA43	gene-PACH01_0088	35.000	40	22	1	25	60	112	151	3.5	17.7	47
mRNA44	gene-PACH01_0064	100.000	216	0	0	1	216	1	216	4.31e-161	436	100
mRNA44	gene-PACH01_0051	24.490	49	37	0	65	113	85	133	1.4	20.8	23
mRNA44	gene-PACH01_0026	31.111	45	29	1	40	82	11	55	3.0	20.0	20
mRNA44	gene-PACH01_0005	30.556	36	21	1	100	131	141	176	4.2	19.6	15
mRNA44	gene-PACH01_0118	27.586	29	21	0	170	198	747	775	7.0	18.9	13
mRNA45	gene-PACH01_0065	99.441	179	1	0	1	179	1	179	3.51e-131	357	100
mRNA45	gene-PACH01_0055	22.388	67	45	2	101	166	1	61	1.6	20.4	37
mRNA45	gene-PACH01_0087	31.429	35	17	2	141	171	392	423	2.0	20.4	17
mRNA45	gene-PACH01_0011	24.528	53	29	1	62	103	3	55	3.0	19.2	23
mRNA45	gene-PACH01_0094	50.000	16	8	0	143	158	168	183	3.7	19.2	9
mRNA45	gene-PACH01_0014	38.462	13	8	0	166	178	39	51	5.0	18.5	7
mRNA45	gene-PACH01_0118	40.741	27	14	1	64	90	118	142	5.2	18.9	15
mRNA45	gene-PACH01_0074	26.316	19	14	0	73	91	46	64	6.6	18.1	11
mRNA45	gene-PACH01_0064	30.769	39	27	0	138	176	147	185	9.0	18.1	22
mRNA45	gene-PACH01_0088	27.027	74	47	1	88	154	129	202	9.7	18.1	37
mRNA46	gene-PACH01_0066	100.000	337	0	0	1	337	1	337	0.0	689	100
mRNA46	gene-PACH01_0095	24.138	87	52	3	174	247	152	237	1.2	21.9	22
mRNA46	gene-PACH01_0003	25.439	114	60	5	160	260	48	149	3.5	20.4	30
mRNA46	gene-PACH01_0005	21.429	56	43	1	114	169	297	351	4.1	20.4	17
mRNA46	gene-PACH01_0121	54.545	11	5	0	222	232	229	239	6.8	19.6	3
mRNA46	gene-PACH01_0050	36.364	33	21	0	237	269	406	438	8.0	19.6	10
mRNA46	gene-PACH01_0072	58.333	12	5	0	26	37	26	37	8.8	18.9	4
mRNA47	gene-PACH01_0067	100.000	131	0	0	1	131	1	131	1.18e-95	263	100
mRNA47	gene-PACH01_0050	37.500	32	17	1	72	100	178	209	4.6	18.5	38
mRNA47	gene-PACH01_0050	27.586	29	21	0	93	121	347	375	7.1	18.1	38
mRNA47	gene-PACH01_0121	42.857	14	8	0	90	103	957	970	6.0	18.1	11
mRNA47	gene-PACH01_0001	54.545	11	5	0	21	31	258	268	8.4	17.7	8
mRNA47	gene-PACH01_0070	34.000	50	27	2	2	45	81	130	10.0	17.3	34
mRNA48	gene-PACH01_0068	100.000	38	0	0	1	38	1	38	1.66e-22	72.0	100
mRNA48	gene-PACH01_0118	28.571	21	15	0	16	36	1574	1594	0.54	18.1	55
mRNA48	gene-PACH01_0050	40.000	20	7	1	8	22	230	249	3.3	16.2	39
mRNA48	gene-PACH01_0108	44.444	9	5	0	15	23	439	447	9.0	15.0	24
mRNA49	gene-PACH01_0069	100.000	79	0	0	1	79	1	79	3.95e-56	159	100
mRNA49	gene-PACH01_0118	38.889	18	11	0	2	19	1007	1024	4.6	17.3	23
mRNA49	gene-PACH01_0087	42.857	14	6	1	25	38	620	631	8.8	16.5	18
mRNA50	gene-PACH01_0070	100.000	133	0	0	1	133	1	133	9.30e-97	266	100
mRNA50	gene-PACH01_0121	43.478	23	13	0	21	43	689	711	0.084	23.9	17
mRNA50	gene-PACH01_0021	53.846	13	6	0	2	14	6	18	4.4	18.1	10
mRNA51	gene-PACH01_0071	100.000	123	0	0	1	123	1	123	3.44e-90	249	100
mRNA51	gene-PACH01_0031	36.364	22	14	0	71	92	285	306	0.63	20.8	18
mRNA51	gene-PACH01_0095	38.095	21	13	0	99	119	121	141	5.8	18.1	17
mRNA52	gene-PACH01_0072	100.000	135	0	0	1	135	1	135	4.33e-98	270	100
mRNA52	gene-PACH01_0027	29.630	27	19	0	84	110	15	41	3.2	18.9	20
mRNA52	gene-PACH01_0108	58.333	12	5	0	96	107	334	345	3.4	18.9	9
mRNA52	gene-PACH01_0066	58.333	12	5	0	26	37	26	37	3.4	18.9	9
mRNA52	gene-PACH01_0087	47.368	19	10	0	104	122	730	748	7.1	18.1	14
mRNA52	gene-PACH01_0076	26.667	45	29	2	45	88	197	238	8.2	17.7	33
mRNA52	gene-PACH01_0001	25.641	39	29	0	9	47	186	224	9.1	17.7	29
mRNA53	gene-PACH01_0073	100.000	219	0	0	1	219	1	219	7.76e-164	443	100
mRNA53	gene-PACH01_0050	21.154	52	41	0	137	188	628	679	2.2	20.4	24
mRNA53	gene-PACH01_0049	28.125	32	20	1	154	182	205	236	2.7	20.0	13
mRNA53	gene-PACH01_0032	43.750	16	9	0	157	172	451	466	3.0	20.0	7
mRNA54	gene-PACH01_0074	100.000	143	0	0	1	143	1	143	1.84e-106	292	100
mRNA54	gene-PACH01_0061	36.000	25	16	0	79	103	9	33	2.9	17.7	17
mRNA54	gene-PACH01_0007	33.333	15	10	0	126	140	39	53	3.0	18.1	10
mRNA54	gene-PACH01_0065	26.316	19	14	0	46	64	73	91	5.4	18.1	13
mRNA55	gene-PACH01_0075	98.925	93	1	0	1	93	1	93	2.79e-67	189	100
mRNA55	gene-PACH01_0022	33.333	24	14	1	59	82	8	29	1.4	18.1	26
mRNA55	gene-PACH01_0118	30.952	42	16	1	8	36	1256	1297	1.5	19.2	46
mRNA55	gene-PACH01_0118	42.857	14	8	0	47	60	860	873	1.6	19.2	46
mRNA55	gene-PACH01_0003	27.869	61	29	2	14	61	244	302	3.5	18.1	52
mRNA55	gene-PACH01_0060	27.273	44	32	0	34	77	5	48	3.6	18.1	47
mRNA56	gene-PACH01_0076	100.000	277	0	0	1	277	1	277	0.0	561	100
mRNA56	gene-PACH01_0077	29.268	41	29	0	203	243	27	67	0.22	22.7	15
mRNA56	gene-PACH01_0029	47.059	17	9	0	112	128	250	266	0.64	22.3	6
mRNA56	gene-PACH01_0087	30.435	46	21	1	125	159	513	558	0.80	22.3	13
mRNA56	gene-PACH01_0031	24.161	149	99	4	34	169	278	425	0.98	21.9	49
mRNA56	gene-PACH01_0048	37.838	37	19	2	103	137	812	846	2.0	21.2	13
mRNA56	gene-PACH01_0025	28.000	50	36	0	177	226	241	290	4.7	19.6	27
mRNA56	gene-PACH01_0025	37.931	29	14	1	113	137	237	265	9.7	18.9	27
mRNA56	gene-PACH01_0026	23.684	38	27	1	241	276	56	93	9.2	18.9	13
mRNA56	gene-PACH01_0003	50.000	10	5	0	185	194	321	330	9.7	18.9	4
mRNA57	gene-PACH01_0077	98.913	92	1	0	1	92	1	92	2.46e-67	189	100
mRNA57	gene-PACH01_0076	29.268	41	29	0	27	67	203	243	0.063	23.1	45
mRNA57	gene-PACH01_0121	27.451	51	34	2	16	66	1720	1767	0.48	20.8	55
mRNA57	gene-PACH01_0029	34.783	23	15	0	48	70	157	179	3.2	18.1	25
mRNA57	gene-PACH01_0005	21.739	46	30	1	1	46	263	302	3.4	18.1	50
mRNA57	gene-PACH01_0061	26.667	45	23	1	17	61	1	35	3.6	16.9	49
mRNA57	gene-PACH01_0050	33.333	21	14	0	2	22	410	430	3.8	18.1	23
mRNA57	gene-PACH01_0026	47.059	17	6	1	30	43	158	174	7.7	16.9	15
mRNA57	gene-PACH01_0108	23.529	34	25	1	6	38	270	303	9.2	16.9	36
mRNA58	gene-PACH01_0084	100.000	202	0	0	1	202	1	202	7.02e-151	409	100
mRNA58	gene-PACH01_0088	30.000	70	31	3	70	137	314	367	0.46	22.3	34
mRNA58	gene-PACH01_0050	28.571	56	31	2	113	159	374	429	0.78	21.9	23
mRNA58	gene-PACH01_0023	35.294	17	11	0	21	37	1	17	3.5	18.1	8
mRNA58	gene-PACH01_0087	50.000	14	7	0	116	129	362	375	5.8	18.9	7
mRNA58	gene-PACH01_0033	20.690	29	23	0	160	188	34	62	7.5	18.1	14
mRNA59	gene-PACH01_0086	100.000	171	0	0	1	171	1	171	2.93e-130	354	100
mRNA59	gene-PACH01_0054	47.619	21	10	1	64	84	159	178	4.0	18.9	12
mRNA60	gene-PACH01_0087	100.000	751	0	0	1	751	1	751	0.0	1521	100
mRNA60	gene-PACH01_0088	44.695	754	342	17	32	744	8	727	0.0	578	95
mRNA60	gene-PACH01_0076	30.435	46	21	1	513	558	125	159	2.4	22.3	6
mRNA60	gene-PACH01_0062	26.667	30	16	1	442	471	13	36	5.2	19.2	4
mRNA60	gene-PACH01_0118	36.842	19	12	0	425	443	473	491	5.4	21.2	12
mRNA60	gene-PACH01_0118	22.368	76	54	3	310	380	568	643	7.5	20.8	12
mRNA60	gene-PACH01_0041	34.615	26	16	1	441	466	12	36	6.5	18.9	3
mRNA60	gene-PACH01_0008	34.615	26	16	1	441	466	12	36	6.5	18.9	3
mRNA60	gene-PACH01_0065	31.429	35	17	2	392	423	141	171	8.9	20.0	4
mRNA60	gene-PACH01_0051	28.788	66	30	3	679	740	57	109	9.2	20.4	8
mRNA61	gene-PACH01_0088	100.000	735	0	0	1	735	1	735	0.0	1491	100
mRNA61	gene-PACH01_0087	44.695	754	342	17	8	727	32	744	0.0	556	98
mRNA61	gene-PACH01_0084	30.000	70	31	3	314	367	70	137	1.7	22.3	7
mRNA61	gene-PACH01_0060	25.676	74	53	2	66	138	156	228	3.3	21.9	10
mRNA61	gene-PACH01_0121	22.917	48	32	2	190	234	1593	1638	5.5	21.2	6
mRNA61	gene-PACH01_0025	46.667	15	8	0	71	85	272	286	6.2	20.8	2
mRNA62	gene-PACH01_0089	100.000	100	0	0	1	100	1	100	1.80e-72	202	100
mRNA62	gene-PACH01_0033	41.667	24	14	0	1	24	98	121	0.63	20.4	24
mRNA62	gene-PACH01_0048	36.364	22	14	0	69	90	682	703	3.1	18.5	22
mRNA62	gene-PACH01_0095	50.000	14	7	0	75	88	121	134	7.9	17.3	14
mRNA63	gene-PACH01_0092	100.000	63	0	0	1	63	1	63	5.75e-39	117	62
mRNA63	gene-PACH01_0107	36.000	25	15	1	73	96	251	275	5.9	17.7	24
mRNA63	gene-PACH01_0118	25.926	27	20	0	20	46	1723	1749	7.1	17.3	27
mRNA63	gene-PACH01_0026	60.000	10	4	0	54	63	163	172	9.7	16.9	10
mRNA63	gene-PACH01_0050	35.897	39	25	0	59	97	1120	1158	9.8	16.9	39
mRNA64	gene-PACH01_0094	100.000	474	0	0	1	474	1	474	0.0	956	100
mRNA64	gene-PACH01_0060	24.768	323	181	13	32	325	2	291	1.02e-12	61.2	77
mRNA64	gene-PACH01_0060	28.767	73	50	1	394	464	419	491	2.94e-05	37.4	77
mRNA64	gene-PACH01_0003	23.944	71	48	1	145	215	270	334	0.095	26.2	23
mRNA64	gene-PACH01_0003	25.000	40	29	1	92	131	386	424	7.8	20.0	23
mRNA64	gene-PACH01_0108	30.612	49	28	3	388	431	184	231	0.67	23.5	9
mRNA64	gene-PACH01_0048	30.769	39	14	2	214	242	781	816	3.5	21.2	12
mRNA64	gene-PACH01_0048	27.586	29	15	1	259	287	216	238	6.9	20.0	12
mRNA64	gene-PACH01_0121	34.483	29	19	0	301	329	136	164	4.2	20.8	6
mRNA64	gene-PACH01_0025	31.818	44	27	1	83	126	258	298	5.0	20.4	9
mRNA64	gene-PACH01_0020	46.667	15	8	0	202	216	2	16	6.5	18.1	3
mRNA65	gene-PACH01_0095	100.000	354	0	0	1	354	1	354	0.0	719	100
mRNA65	gene-PACH01_0001	31.544	298	193	6	10	299	8	302	4.70e-46	152	82
mRNA65	gene-PACH01_0054	30.303	33	23	0	301	333	115	147	0.18	24.3	9
mRNA65	gene-PACH01_0029	25.000	48	35	1	242	289	206	252	0.60	23.1	14
mRNA65	gene-PACH01_0048	25.862	58	34	2	25	79	508	559	0.68	23.1	16
mRNA65	gene-PACH01_0055	25.000	60	42	2	130	189	408	464	1.2	21.9	17
mRNA65	gene-PACH01_0066	24.138	87	52	3	152	237	174	247	1.2	21.9	24
mRNA65	gene-PACH01_0107	28.571	42	29	1	309	350	37	77	1.6	21.6	12
mRNA65	gene-PACH01_0050	46.667	15	8	0	194	208	138	152	2.4	21.2	13
mRNA65	gene-PACH01_0050	27.273	33	21	1	314	343	354	386	7.6	19.6	13
mRNA65	gene-PACH01_0033	42.105	19	11	0	106	124	51	69	2.5	20.4	5
mRNA65	gene-PACH01_0116	53.846	13	6	0	240	252	137	149	3.4	20.4	4
mRNA65	gene-PACH01_0063	32.000	50	33	1	96	144	14	63	5.7	18.9	14
mRNA66	gene-PACH01_0107	100.000	292	0	0	1	292	1	292	0.0	592	100
mRNA66	gene-PACH01_0031	28.846	52	32	2	123	174	265	311	0.022	27.3	18
mRNA66	gene-PACH01_0110	53.846	13	6	0	192	204	18	30	0.45	21.9	4
mRNA66	gene-PACH01_0095	28.571	42	29	1	37	77	309	350	1.2	21.6	14
mRNA66	gene-PACH01_0007	55.556	9	4	0	198	206	33	41	2.7	19.2	3
mRNA66	gene-PACH01_0012	25.926	27	20	0	210	236	51	77	4.7	19.2	9
mRNA66	gene-PACH01_0048	50.000	14	7	0	254	267	279	292	6.1	19.6	13
mRNA66	gene-PACH01_0048	28.947	38	27	0	240	277	753	790	10.0	18.9	13
mRNA66	gene-PACH01_0005	25.000	40	30	0	171	210	221	260	7.7	19.2	14
mRNA67	gene-PACH01_0108	99.787	469	1	0	1	469	1	469	0.0	967	100
mRNA67	gene-PACH01_0005	36.364	33	19	1	92	122	78	110	0.084	26.2	7
mRNA67	gene-PACH01_0094	30.612	49	28	3	184	231	388	431	0.71	23.1	10
mRNA67	gene-PACH01_0003	28.947	38	27	0	297	334	401	438	4.4	20.8	8
mRNA67	gene-PACH01_0048	36.842	38	23	1	297	334	217	253	9.9	19.6	8
mRNA68	gene-PACH01_0121	97.191	1780	16	3	1	1748	1	1778	0.0	3521	100
mRNA68	gene-PACH01_0118	28.205	78	49	3	1215	1291	680	751	0.27	26.9	7
mRNA68	gene-PACH01_0118	52.632	19	9	0	1648	1666	1565	1583	1.1	24.6	7
mRNA68	gene-PACH01_0118	40.741	27	16	0	955	981	84	110	8.4	21.9	7
mRNA68	gene-PACH01_0070	43.478	23	13	0	684	706	21	43	1.2	23.9	1
mRNA68	gene-PACH01_0019	53.333	15	7	0	305	319	3	17	3.2	20.8	1
mRNA68	gene-PACH01_0003	32.143	28	19	0	1052	1079	250	277	7.3	21.9	2
mRNA68	gene-PACH01_0048	35.897	39	19	1	1628	1660	644	682	8.1	21.9	2
mRNA68	gene-PACH01_0077	27.451	51	34	2	1690	1737	16	66	8.8	20.8	3
mRNA68	gene-PACH01_0060	33.333	45	19	2	79	121	284	319	9.5	21.6	2
mRNA68	gene-PACH01_0049	36.585	41	21	3	198	238	371	406	9.8	21.6	2
mRNA69	gene-PACH01_0109	100.000	89	0	0	1	89	1	89	7.79e-61	172	100
mRNA69	gene-PACH01_0050	29.630	27	19	0	26	52	214	240	0.10	22.7	30
mRNA69	gene-PACH01_0005	36.364	22	14	0	56	77	68	89	3.2	18.1	25
mRNA69	gene-PACH01_0003	33.962	53	32	3	25	77	307	356	4.0	17.7	60
mRNA70	gene-PACH01_0110	98.780	82	1	0	1	82	1	82	1.71e-59	168	100
mRNA70	gene-PACH01_0107	53.846	13	6	0	18	30	192	204	0.13	21.9	16
mRNA70	gene-PACH01_0051	33.333	15	10	0	61	75	12	26	5.9	17.3	18
mRNA70	gene-PACH01_0121	41.667	12	7	0	4	15	1350	1361	6.8	16.9	15
mRNA71	gene-PACH01_0111	100.000	321	0	0	1	321	1	321	0.0	649	100
mRNA71	gene-PACH01_0003	22.500	40	31	0	96	135	166	205	1.8	21.2	12
mRNA71	gene-PACH01_0049	44.444	18	10	0	268	285	638	655	5.4	20.0	6
mRNA71	gene-PACH01_0118	23.301	103	70	4	59	152	1495	1597	9.8	19.2	29
mRNA72	gene-PACH01_0114	100.000	71	0	0	1	71	1	71	7.02e-48	138	100
mRNA72	gene-PACH01_0050	47.368	19	10	0	1	19	437	455	0.097	21.9	31
mRNA72	gene-PACH01_0050	62.500	8	3	0	15	22	178	185	7.3	16.5	31
mRNA72	gene-PACH01_0121	28.814	59	32	1	8	66	311	359	2.8	17.7	90
mRNA72	gene-PACH01_0121	33.333	24	16	0	3	26	1602	1625	7.6	16.5	90
mRNA73	gene-PACH01_0116	100.000	156	0	0	1	156	1	156	6.92e-115	314	100
mRNA73	gene-PACH01_0095	53.846	13	6	0	137	149	240	252	1.5	20.4	8
mRNA73	gene-PACH01_0054	36.842	38	17	1	31	68	121	151	2.4	19.6	24
mRNA73	gene-PACH01_0050	31.579	38	20	2	1	38	727	758	5.1	18.9	24
mRNA73	gene-PACH01_0048	42.105	19	8	1	86	104	782	797	6.9	18.5	12
mRNA73	gene-PACH01_0118	50.000	10	5	0	102	111	2033	2042	9.2	18.1	6
mRNA74	gene-PACH01_0118	99.342	2127	14	0	1	2127	1	2127	0.0	4303	100
mRNA74	gene-PACH01_0121	52.632	19	9	0	1565	1583	1678	1696	1.4	24.6	2
mRNA74	gene-PACH01_0121	25.000	32	24	0	720	751	1292	1323	4.1	23.1	2
mRNA74	gene-PACH01_0003	34.615	52	26	3	1328	1371	311	362	1.6	24.3	2
mRNA74	gene-PACH01_0060	39.286	28	16	1	1910	1936	256	283	1.9	24.3	1
mRNA74	gene-PACH01_0005	41.667	24	14	0	587	610	341	364	3.8	23.1	1
mRNA74	gene-PACH01_0108	20.588	68	40	2	239	292	386	453	6.0	22.7	3
mRNA74	gene-PACH01_0050	50.000	18	9	0	1908	1925	713	730	6.5	22.7	1
mRNA74	gene-PACH01_0011	24.561	57	37	1	864	920	125	175	6.8	21.9	3
mRNA74	gene-PACH01_0048	35.000	40	24	1	607	644	44	83	8.1	22.3	2
