tRNA1	gene-Q903CP_gene2	99.111	2587	18	1	1	2582	1	2587	0.0	4645	100
tRNA2	gene-Q903CP_gene6	100.000	72	0	0	1	72	1	72	2.19e-35	134	100
tRNA3	gene-Q903CP_gene44	100.000	88	0	0	1	88	1	88	3.53e-44	163	100
tRNA3	gene-Q903CP_gene9	100.000	88	0	0	1	88	1	88	3.53e-44	163	100
tRNA4	gene-Q903CP_gene18	100.000	74	0	0	1	74	1	74	1.75e-36	137	100
tRNA5	gene-Q903CP_gene19	100.000	74	0	0	1	74	1	74	1.75e-36	137	100
tRNA6	gene-Q903CP_gene33	100.000	74	0	0	1	74	1	74	1.75e-36	137	100
tRNA7	gene-Q903CP_gene37	100.000	73	0	0	1	73	1	73	6.18e-36	135	100
tRNA8	gene-Q903CP_gene38	99.677	619	2	0	1	619	1	619	0.0	1133	100
tRNA9	gene-Q903CP_gene129	98.667	75	1	0	1	75	1	75	2.29e-35	134	100
tRNA9	gene-Q903CP_gene40	98.667	75	1	0	1	75	1	75	2.29e-35	134	100
tRNA10	gene-Q903CP_gene41	100.000	71	0	0	2	72	1	71	7.86e-35	132	99
tRNA10	gene-Q903CP_gene102	92.958	71	5	0	2	72	1	71	1.71e-26	104	99
tRNA11	gene-Q903CP_gene44	100.000	88	0	0	1	88	1	88	3.53e-44	163	100
tRNA11	gene-Q903CP_gene9	100.000	88	0	0	1	88	1	88	3.53e-44	163	100
tRNA12	gene-Q903CP_gene46	100.000	73	0	0	1	73	1	73	6.18e-36	135	100
tRNA13	gene-Q903CP_gene47	100.000	84	0	0	1	84	1	84	5.60e-42	156	100
tRNA14	gene-Q903CP_gene48	100.000	74	0	0	1	74	1	74	1.75e-36	137	100
tRNA15	gene-Q903CP_gene51	100.000	71	0	0	1	71	1	71	7.73e-35	132	100
tRNA16	gene-Q903CP_gene61	98.571	70	1	0	1	70	1	70	1.27e-32	124	100
tRNA17	gene-Q903CP_gene62	98.578	844	9	2	1	841	1	844	0.0	1489	100
tRNA18	gene-Q903CP_gene130	100.000	74	0	0	1	74	1	74	1.75e-36	137	100
tRNA18	gene-Q903CP_gene84	100.000	74	0	0	1	74	1	74	1.75e-36	137	100
tRNA19	gene-Q903CP_gene86	100.000	73	0	0	1	73	1	73	6.18e-36	135	100
tRNA20	gene-Q903CP_gene87	99.302	573	4	0	1	573	1	573	0.0	1037	100
tRNA21	gene-Q903CP_gene88	100.000	73	0	0	1	73	1	73	6.18e-36	135	100
tRNA22	gene-Q903CP_gene90	100.000	87	0	0	1	87	1	87	1.25e-43	161	100
tRNA23	gene-Q903CP_gene95	100.000	74	0	0	1	74	1	74	1.75e-36	137	100
tRNA24	gene-Q903CP_gene96	100.000	71	0	0	1	71	1	71	7.73e-35	132	100
tRNA25	gene-Q903CP_gene98	100.000	87	0	0	1	87	1	87	1.25e-43	161	100
tRNA26	gene-Q903CP_gene102	100.000	71	0	0	1	71	1	71	7.73e-35	132	100
tRNA26	gene-Q903CP_gene41	92.958	71	5	0	1	71	1	71	1.69e-26	104	100
tRNA27	gene-Q903CP_gene104	98.302	1060	3	1	1	1045	1060	1	0.0	1844	100
tRNA28	gene-Q903CP_gene105	99.767	857	2	0	1	857	1	857	0.0	1572	100
tRNA29	gene-Q903CP_gene109	100.000	74	0	0	1	74	1	74	1.75e-36	137	100
tRNA30	gene-Q903CP_gene110	97.222	72	2	0	1	72	1	72	4.73e-32	122	100
tRNA31	gene-Q903CP_gene117	100.000	78	0	0	1	78	1	78	1.11e-38	145	100
tRNA32	gene-Q903CP_gene118	100.000	74	0	0	1	74	1	74	1.75e-36	137	100
tRNA33	gene-Q903CP_gene121	100.000	72	0	0	1	72	1	72	2.19e-35	134	100
tRNA34	gene-Q903CP_gene126	100.000	81	0	0	1	81	1	81	2.50e-40	150	100
tRNA35	gene-Q903CP_gene129	100.000	75	0	0	1	75	1	75	4.93e-37	139	100
tRNA35	gene-Q903CP_gene40	100.000	75	0	0	1	75	1	75	4.93e-37	139	100
tRNA36	gene-Q903CP_gene130	100.000	74	0	0	1	74	1	74	1.75e-36	137	100
tRNA36	gene-Q903CP_gene84	100.000	74	0	0	1	74	1	74	1.75e-36	137	100
