mRNA1	gene-Q903CP_gene1	100.000	354	0	0	1	354	1	354	0.0	715	100
mRNA1	gene-Q903CP_gene100	31.544	298	193	6	8	302	10	299	9.15e-46	152	83
mRNA1	gene-Q903CP_gene113	35.294	34	18	1	219	248	838	871	2.5	21.2	8
mRNA1	gene-Q903CP_gene55	41.176	17	10	0	181	197	1201	1217	4.7	20.4	5
mRNA1	gene-Q903CP_gene35	41.176	17	10	0	193	209	156	172	9.4	19.2	5
mRNA2	gene-Q903CP_gene3	98.837	516	6	0	1	516	1	516	0.0	1039	100
mRNA2	gene-Q903CP_gene128	28.814	59	25	3	205	246	1920	1978	0.21	25.4	17
mRNA2	gene-Q903CP_gene128	33.333	45	25	2	318	362	1332	1371	3.0	21.6	17
mRNA2	gene-Q903CP_gene7	64.286	14	5	0	361	374	32	45	0.37	22.3	9
mRNA2	gene-Q903CP_gene7	33.333	18	12	0	356	373	30	47	3.4	20.0	9
mRNA2	gene-Q903CP_gene7	35.714	28	16	1	135	160	8	35	7.2	18.9	9
mRNA2	gene-Q903CP_gene99	21.348	89	62	2	270	350	145	233	0.59	23.9	23
mRNA2	gene-Q903CP_gene99	25.000	40	29	1	386	424	92	131	9.1	20.0	23
mRNA2	gene-Q903CP_gene113	32.143	28	19	0	250	277	1029	1056	2.3	21.9	5
mRNA2	gene-Q903CP_gene116	22.500	40	31	0	166	205	96	135	3.0	21.6	8
mRNA2	gene-Q903CP_gene112	28.947	38	27	0	401	438	297	334	5.2	20.8	7
mRNA2	gene-Q903CP_gene27	29.630	27	19	0	63	89	148	174	6.9	20.4	5
mRNA2	gene-Q903CP_gene71	28.070	57	30	3	95	149	213	260	7.7	20.0	11
mRNA2	gene-Q903CP_gene55	43.478	23	13	0	242	264	1183	1205	8.7	20.0	4
mRNA3	gene-Q903CP_gene5	99.805	514	1	0	1	514	1	514	0.0	1070	100
mRNA3	gene-Q903CP_gene112	36.364	33	19	1	78	110	92	122	0.10	26.2	6
mRNA3	gene-Q903CP_gene15	27.586	58	40	2	268	325	31	86	0.19	23.9	11
mRNA3	gene-Q903CP_gene71	21.429	56	43	1	297	351	114	169	7.0	20.4	11
mRNA3	gene-Q903CP_gene100	25.581	43	29	2	435	475	63	104	7.3	20.0	8
mRNA3	gene-Q903CP_gene17	30.000	20	14	0	102	121	2	21	9.1	18.1	4
mRNA3	gene-Q903CP_gene128	70.000	10	3	0	290	299	595	604	9.1	20.0	2
mRNA3	gene-Q903CP_gene55	33.333	27	18	0	224	250	115	141	9.8	20.0	5
mRNA4	gene-Q903CP_gene7	100.000	60	0	0	1	60	1	60	1.54e-39	116	100
mRNA4	gene-Q903CP_gene3	64.286	14	5	0	32	45	361	374	0.047	22.3	67
mRNA4	gene-Q903CP_gene3	33.333	18	12	0	30	47	356	373	0.41	19.6	67
mRNA4	gene-Q903CP_gene3	35.714	28	16	1	8	35	135	160	0.91	18.9	67
mRNA4	gene-Q903CP_gene111	55.556	9	4	0	33	41	198	206	0.66	19.2	15
mRNA4	gene-Q903CP_gene34	42.857	14	8	0	1	14	387	400	1.3	18.5	23
mRNA4	gene-Q903CP_gene79	33.333	15	10	0	39	53	126	140	1.7	18.1	25
mRNA4	gene-Q903CP_gene55	38.462	13	8	0	41	53	677	689	5.6	16.5	22
mRNA5	gene-Q903CP_gene45	100.000	37	0	0	1	37	1	37	5.39e-23	73.2	100
mRNA5	gene-Q903CP_gene8	100.000	37	0	0	1	37	1	37	5.39e-23	73.2	100
mRNA5	gene-Q903CP_gene64	40.909	22	13	0	11	32	27	48	0.17	19.6	59
mRNA5	gene-Q903CP_gene92	34.615	26	16	1	12	36	441	466	0.35	18.9	68
mRNA5	gene-Q903CP_gene57	50.000	18	9	0	12	29	96	113	0.71	18.1	49
mRNA5	gene-Q903CP_gene113	41.667	12	7	0	16	27	113	124	7.4	15.4	32
mRNA5	gene-Q903CP_gene23	75.000	8	2	0	17	24	29	36	8.8	15.0	22
mRNA6	gene-Q903CP_gene63	100.000	34	0	0	1	34	1	34	2.07e-18	61.6	100
mRNA6	gene-Q903CP_gene10	100.000	34	0	0	1	34	1	34	2.07e-18	61.6	100
mRNA6	gene-Q903CP_gene92	33.333	12	8	0	1	12	352	363	5.8	15.4	35
mRNA7	gene-Q903CP_gene11	100.000	197	0	0	1	197	1	197	2.35e-150	407	100
mRNA7	gene-Q903CP_gene128	24.561	57	37	1	125	175	864	920	0.67	21.9	35
mRNA7	gene-Q903CP_gene128	35.294	17	11	0	31	47	1112	1128	5.7	19.2	35
mRNA7	gene-Q903CP_gene3	29.508	61	36	3	10	68	4	59	3.0	20.0	30
mRNA7	gene-Q903CP_gene70	24.528	53	29	1	3	55	62	103	3.4	19.6	27
mRNA7	gene-Q903CP_gene60	41.667	24	13	1	148	170	11	34	4.5	19.2	12
mRNA7	gene-Q903CP_gene32	32.836	67	34	4	113	170	82	146	5.8	18.9	29
mRNA7	gene-Q903CP_gene55	50.000	14	7	0	150	163	188	201	6.3	18.9	7
mRNA7	gene-Q903CP_gene99	41.176	17	10	0	53	69	271	287	7.5	18.5	9
mRNA8	gene-Q903CP_gene12	100.000	124	0	0	1	124	1	124	5.59e-90	249	100
mRNA8	gene-Q903CP_gene111	25.926	27	20	0	51	77	210	236	2.3	19.2	22
mRNA8	gene-Q903CP_gene113	32.143	28	13	1	87	114	820	841	2.3	19.2	23
mRNA8	gene-Q903CP_gene5	31.818	22	12	1	80	98	199	220	8.8	17.7	15
mRNA9	gene-Q903CP_gene14	100.000	120	0	0	1	120	1	120	4.53e-86	238	100
mRNA9	gene-Q903CP_gene28	38.095	21	13	0	42	62	150	170	3.8	18.5	18
mRNA9	gene-Q903CP_gene16	41.667	12	7	0	77	88	49	60	4.0	17.7	10
mRNA9	gene-Q903CP_gene116	45.455	11	6	0	83	93	179	189	4.7	18.5	9
mRNA9	gene-Q903CP_gene112	75.000	8	2	0	69	76	134	141	6.6	18.1	7
mRNA9	gene-Q903CP_gene53	36.842	19	12	0	8	26	813	831	7.3	17.7	16
mRNA9	gene-Q903CP_gene113	38.710	31	15	2	60	90	1112	1138	7.8	17.7	26
mRNA9	gene-Q903CP_gene81	28.571	21	15	0	26	46	57	77	9.2	17.3	18
mRNA10	gene-Q903CP_gene15	100.000	94	0	0	1	94	1	94	1.53e-66	187	100
mRNA10	gene-Q903CP_gene5	27.586	58	40	2	31	86	268	325	0.036	23.9	60
mRNA10	gene-Q903CP_gene70	38.462	13	8	0	39	51	166	178	2.8	18.5	14
mRNA10	gene-Q903CP_gene81	29.032	31	22	0	49	79	183	213	4.2	18.1	33
mRNA10	gene-Q903CP_gene35	38.889	18	11	0	51	68	467	484	7.7	17.3	19
mRNA11	gene-Q903CP_gene16	100.000	69	0	0	1	69	1	69	1.43e-49	142	100
mRNA11	gene-Q903CP_gene14	41.667	12	7	0	49	60	77	88	2.3	17.7	17
mRNA11	gene-Q903CP_gene53	28.571	21	15	0	23	43	872	892	2.8	17.7	61
mRNA11	gene-Q903CP_gene53	29.787	47	28	1	3	44	739	785	3.0	17.7	61
mRNA11	gene-Q903CP_gene128	55.556	9	4	0	15	23	648	656	4.8	17.3	13
mRNA11	gene-Q903CP_gene112	42.857	14	8	0	4	17	2	15	7.7	16.5	20
mRNA12	gene-Q903CP_gene17	100.000	43	0	0	1	43	1	43	7.79e-27	83.6	100
mRNA12	gene-Q903CP_gene92	42.857	14	8	0	19	32	82	95	3.8	16.2	33
mRNA12	gene-Q903CP_gene5	50.000	10	5	0	7	16	241	250	6.0	15.8	23
mRNA13	gene-Q903CP_gene20	97.368	38	1	0	1	38	1	38	1.92e-22	72.0	100
mRNA13	gene-Q903CP_gene113	53.333	15	7	0	3	17	286	300	0.073	20.8	71
mRNA13	gene-Q903CP_gene113	75.000	8	2	0	5	12	134	141	4.8	15.8	71
mRNA13	gene-Q903CP_gene113	42.105	19	11	0	11	29	98	116	5.4	15.8	71
mRNA13	gene-Q903CP_gene16	44.444	18	10	0	14	31	9	26	1.7	16.9	47
mRNA13	gene-Q903CP_gene53	28.571	28	20	0	4	31	862	889	2.0	16.9	74
mRNA13	gene-Q903CP_gene69	33.333	21	11	1	7	27	120	137	2.8	16.5	55
mRNA13	gene-Q903CP_gene120	35.294	17	11	0	6	22	65	81	6.4	15.4	45
mRNA13	gene-Q903CP_gene128	35.294	17	11	0	6	22	65	81	6.7	15.4	45
mRNA14	gene-Q903CP_gene21	100.000	63	0	0	1	63	1	63	9.01e-42	122	100
mRNA14	gene-Q903CP_gene99	41.176	17	10	0	13	29	200	216	0.97	18.9	27
mRNA14	gene-Q903CP_gene39	45.455	11	6	0	1	11	9	19	2.5	17.3	17
mRNA14	gene-Q903CP_gene116	32.143	28	18	1	34	60	45	72	7.6	16.5	43
mRNA15	gene-Q903CP_gene23	98.810	84	1	0	1	84	1	84	3.70e-59	167	100
mRNA15	gene-Q903CP_gene24	33.333	21	14	0	14	34	9	29	0.034	22.3	25
mRNA15	gene-Q903CP_gene29	34.375	32	19	2	49	78	137	168	1.9	18.5	36
mRNA15	gene-Q903CP_gene28	54.545	11	5	0	66	76	88	98	2.6	18.1	13
mRNA15	gene-Q903CP_gene75	53.846	13	6	0	6	18	2	14	2.9	18.1	15
mRNA15	gene-Q903CP_gene54	29.730	37	24	2	25	60	543	578	5.1	17.7	43
mRNA15	gene-Q903CP_gene53	34.286	35	19	1	6	36	156	190	8.3	16.9	37
mRNA16	gene-Q903CP_gene24	100.000	40	0	0	1	40	1	40	2.72e-26	81.6	100
mRNA16	gene-Q903CP_gene23	33.333	21	14	0	9	29	14	34	0.016	22.3	53
mRNA16	gene-Q903CP_gene80	33.333	24	14	1	8	29	59	82	0.61	18.1	55
mRNA16	gene-Q903CP_gene92	57.143	7	3	0	8	14	260	266	7.1	15.4	18
mRNA17	gene-Q903CP_gene25	97.436	39	1	0	1	39	1	39	7.61e-23	73.2	100
mRNA17	gene-Q903CP_gene113	20.000	35	28	0	3	37	1024	1058	0.65	18.1	90
mRNA17	gene-Q903CP_gene89	35.294	17	11	0	1	17	21	37	0.76	18.1	44
mRNA17	gene-Q903CP_gene79	45.455	11	6	0	8	18	69	79	5.4	15.8	28
mRNA17	gene-Q903CP_gene29	25.000	20	15	0	19	38	68	87	5.9	15.4	51
mRNA17	gene-Q903CP_gene30	50.000	18	9	0	21	38	15	32	6.7	15.0	46
mRNA17	gene-Q903CP_gene92	83.333	6	1	0	16	21	503	508	7.4	15.4	15
mRNA18	gene-Q903CP_gene26	100.000	41	0	0	1	41	1	41	3.85e-24	76.6	100
mRNA18	gene-Q903CP_gene113	50.000	10	5	0	28	37	116	125	0.34	19.2	24
mRNA18	gene-Q903CP_gene20	43.478	23	11	1	14	34	8	30	2.2	16.5	51
mRNA18	gene-Q903CP_gene128	55.556	9	4	0	18	26	1416	1424	6.7	15.8	39
mRNA18	gene-Q903CP_gene128	55.556	9	4	0	25	33	1447	1455	8.0	15.4	39
mRNA19	gene-Q903CP_gene27	100.000	332	0	0	1	332	1	332	0.0	672	100
mRNA19	gene-Q903CP_gene113	23.469	98	62	4	118	204	101	196	0.44	23.5	26
mRNA19	gene-Q903CP_gene93	46.667	15	8	0	272	286	71	85	3.1	20.8	5
mRNA19	gene-Q903CP_gene99	31.818	44	27	1	258	298	83	126	3.5	20.4	12
mRNA19	gene-Q903CP_gene59	24.074	54	39	1	265	316	15	68	3.8	20.0	16
mRNA19	gene-Q903CP_gene3	29.630	27	19	0	148	174	63	89	4.6	20.0	8
mRNA19	gene-Q903CP_gene81	28.000	50	36	0	241	290	177	226	5.6	19.6	15
mRNA19	gene-Q903CP_gene55	37.931	29	13	2	144	167	878	906	7.3	19.6	7
mRNA20	gene-Q903CP_gene28	99.618	262	1	0	1	262	1	262	0.0	532	100
mRNA20	gene-Q903CP_gene56	32.653	49	31	1	60	106	98	146	0.015	27.3	18
mRNA20	gene-Q903CP_gene35	23.077	65	43	2	43	106	352	410	0.53	22.7	24
mRNA20	gene-Q903CP_gene69	31.111	45	29	1	11	55	40	82	3.9	20.0	17
mRNA20	gene-Q903CP_gene113	50.000	18	8	1	147	164	129	145	4.4	20.0	7
mRNA20	gene-Q903CP_gene128	41.463	41	23	1	120	160	1125	1164	5.8	19.6	21
mRNA20	gene-Q903CP_gene128	46.667	15	8	0	57	71	1249	1263	6.9	19.2	21
mRNA20	gene-Q903CP_gene65	28.205	78	41	3	14	76	7	84	8.0	18.9	24
mRNA20	gene-Q903CP_gene14	38.095	21	13	0	150	170	42	62	8.1	18.5	8
mRNA20	gene-Q903CP_gene23	54.545	11	5	0	88	98	66	76	8.2	18.1	4
mRNA20	gene-Q903CP_gene81	23.684	38	27	1	56	93	241	276	9.2	18.9	15
mRNA21	gene-Q903CP_gene29	99.459	185	1	0	1	185	1	185	2.48e-135	368	100
mRNA21	gene-Q903CP_gene20	45.455	22	10	1	60	79	5	26	0.23	21.2	11
mRNA21	gene-Q903CP_gene55	25.641	39	29	0	29	67	1016	1054	2.3	20.4	21
mRNA21	gene-Q903CP_gene113	26.154	65	42	2	86	145	1023	1086	2.6	20.0	32
mRNA21	gene-Q903CP_gene113	50.000	16	8	0	114	129	926	941	9.5	18.5	32
mRNA21	gene-Q903CP_gene77	29.630	27	19	0	15	41	84	110	5.3	18.5	15
mRNA21	gene-Q903CP_gene71	57.143	14	6	0	135	148	46	59	5.8	18.9	8
mRNA22	gene-Q903CP_gene30	100.000	37	0	0	1	37	1	37	4.50e-22	70.9	100
mRNA22	gene-Q903CP_gene27	42.857	14	8	0	19	32	125	138	1.5	16.9	38
mRNA22	gene-Q903CP_gene92	75.000	8	2	0	26	33	450	457	2.3	16.5	22
mRNA22	gene-Q903CP_gene113	71.429	7	2	0	4	10	581	587	3.2	16.2	19
mRNA22	gene-Q903CP_gene3	71.429	7	2	0	11	17	367	373	3.9	15.8	19
mRNA22	gene-Q903CP_gene111	46.154	13	7	0	13	25	46	58	6.7	15.4	35
mRNA22	gene-Q903CP_gene25	50.000	18	9	0	15	32	21	38	6.9	15.0	49
mRNA22	gene-Q903CP_gene93	55.556	9	4	0	26	34	230	238	7.9	15.4	24
mRNA23	gene-Q903CP_gene32	99.385	325	2	0	1	325	1	325	0.0	669	99
mRNA23	gene-Q903CP_gene100	25.000	48	35	1	206	252	242	289	0.58	23.1	35
mRNA23	gene-Q903CP_gene100	22.667	75	48	2	42	107	248	321	3.8	20.4	35
mRNA23	gene-Q903CP_gene11	34.328	67	33	4	82	146	113	170	0.79	22.3	20
mRNA23	gene-Q903CP_gene81	47.059	17	9	0	250	266	112	128	0.83	22.3	5
mRNA23	gene-Q903CP_gene4	38.095	21	13	0	251	271	11	31	1.8	19.6	6
mRNA23	gene-Q903CP_gene112	20.988	162	98	6	4	144	278	430	2.1	21.2	43
mRNA23	gene-Q903CP_gene53	38.095	21	13	0	175	195	165	185	4.8	20.0	6
mRNA23	gene-Q903CP_gene113	45.000	20	9	1	31	48	1669	1688	7.9	19.6	6
mRNA24	gene-Q903CP_gene34	99.160	476	4	0	1	476	1	476	0.0	983	100
mRNA24	gene-Q903CP_gene111	26.136	88	43	4	265	347	123	193	0.052	26.9	17
mRNA24	gene-Q903CP_gene81	24.161	149	99	4	278	425	34	169	1.4	22.3	31
mRNA24	gene-Q903CP_gene76	36.364	22	14	0	285	306	71	92	2.6	20.8	5
mRNA24	gene-Q903CP_gene113	26.316	38	28	0	422	459	666	703	6.8	20.4	8
mRNA24	gene-Q903CP_gene120	41.667	12	7	0	364	375	123	134	7.0	20.0	3
mRNA25	gene-Q903CP_gene35	99.391	493	3	0	1	493	1	493	0.0	992	100
mRNA25	gene-Q903CP_gene60	25.369	406	272	13	67	456	67	457	3.64e-19	81.6	79
mRNA25	gene-Q903CP_gene28	23.077	65	43	2	352	410	43	106	0.99	22.7	12
mRNA25	gene-Q903CP_gene54	25.000	84	49	4	93	168	540	617	1.1	23.1	15
mRNA25	gene-Q903CP_gene54	26.000	50	36	1	119	168	61	109	6.1	20.4	15
mRNA25	gene-Q903CP_gene57	26.190	42	23	1	254	287	75	116	3.3	21.2	7
mRNA25	gene-Q903CP_gene78	43.750	16	9	0	451	466	157	172	7.9	20.0	16
mRNA25	gene-Q903CP_gene78	24.242	66	45	1	263	323	98	163	8.1	20.0	16
mRNA25	gene-Q903CP_gene113	26.984	63	40	3	112	174	764	820	9.9	20.0	13
mRNA26	gene-Q903CP_gene36	100.000	138	0	0	1	138	1	138	6.18e-100	275	100
mRNA26	gene-Q903CP_gene100	42.105	19	11	0	51	69	106	124	0.97	20.8	14
mRNA26	gene-Q903CP_gene94	47.059	17	9	0	98	114	1	17	2.3	19.2	12
mRNA26	gene-Q903CP_gene65	34.375	32	15	1	94	125	364	389	3.6	18.9	23
mRNA26	gene-Q903CP_gene89	20.690	29	23	0	34	62	160	188	5.7	18.1	21
mRNA27	gene-Q903CP_gene43	96.667	30	1	0	1	30	2	31	2.83e-16	55.8	100
mRNA27	gene-Q903CP_gene65	50.000	12	6	0	2	13	242	253	1.7	16.5	40
mRNA27	gene-Q903CP_gene113	38.889	18	11	0	8	25	129	146	5.1	15.4	60
mRNA28	gene-Q903CP_gene45	100.000	37	0	0	1	37	1	37	5.39e-23	73.2	100
mRNA28	gene-Q903CP_gene8	100.000	37	0	0	1	37	1	37	5.39e-23	73.2	100
mRNA28	gene-Q903CP_gene64	40.909	22	13	0	11	32	27	48	0.17	19.6	59
mRNA28	gene-Q903CP_gene92	34.615	26	16	1	12	36	441	466	0.35	18.9	68
mRNA28	gene-Q903CP_gene57	50.000	18	9	0	12	29	96	113	0.71	18.1	49
mRNA28	gene-Q903CP_gene113	41.667	12	7	0	16	27	113	124	7.4	15.4	32
mRNA28	gene-Q903CP_gene23	75.000	8	2	0	17	24	29	36	8.8	15.0	22
mRNA29	gene-Q903CP_gene49	100.000	38	0	0	1	38	1	38	1.49e-22	72.4	100
mRNA29	gene-Q903CP_gene71	66.667	6	2	0	22	27	225	230	8.9	15.0	16
mRNA29	gene-Q903CP_gene14	87.500	8	1	0	5	12	94	101	9.5	15.0	21
mRNA30	gene-Q903CP_gene50	100.000	30	0	0	1	30	1	30	9.41e-17	57.0	100
mRNA30	gene-Q903CP_gene116	44.444	18	10	0	6	23	4	21	8.3	14.6	60
mRNA31	gene-Q903CP_gene53	99.721	1077	3	0	1	1077	1	1077	0.0	2218	100
mRNA31	gene-Q903CP_gene100	25.862	58	34	2	508	559	25	79	2.2	23.1	5
mRNA31	gene-Q903CP_gene55	33.333	42	27	1	346	386	1167	1208	4.3	22.3	4
mRNA31	gene-Q903CP_gene128	35.000	40	24	1	44	83	607	644	4.8	21.9	4
mRNA31	gene-Q903CP_gene93	30.303	66	42	1	398	459	307	372	5.5	21.9	6
mRNA31	gene-Q903CP_gene81	37.838	37	19	2	812	846	103	137	8.2	21.2	3
mRNA31	gene-Q903CP_gene99	30.769	39	14	2	781	816	214	242	8.2	21.2	3
mRNA32	gene-Q903CP_gene54	100.000	697	0	0	1	697	1	697	0.0	1439	100
mRNA32	gene-Q903CP_gene125	26.415	53	36	2	514	565	35	85	0.092	25.4	7
mRNA32	gene-Q903CP_gene35	25.000	84	49	4	540	617	93	168	1.4	23.1	11
mRNA32	gene-Q903CP_gene113	36.585	41	21	3	371	406	179	219	4.1	21.6	5
mRNA32	gene-Q903CP_gene60	41.667	24	11	1	151	171	466	489	7.4	20.8	3
mRNA32	gene-Q903CP_gene78	28.125	32	20	1	205	236	154	182	9.3	20.0	5
mRNA33	gene-Q903CP_gene55	99.590	1219	5	0	1	1219	1	1219	0.0	2524	100
mRNA33	gene-Q903CP_gene114	29.630	27	19	0	214	240	26	52	1.5	22.7	2
mRNA33	gene-Q903CP_gene128	50.000	18	9	0	713	730	1908	1925	4.0	22.7	1
mRNA33	gene-Q903CP_gene53	33.333	42	27	1	1167	1208	346	386	4.6	22.3	3
mRNA33	gene-Q903CP_gene93	37.037	27	17	0	990	1016	171	197	6.1	21.9	2
mRNA33	gene-Q903CP_gene125	33.333	42	28	0	290	331	46	87	6.2	20.8	3
mRNA33	gene-Q903CP_gene89	30.357	56	30	2	374	429	113	159	6.6	21.6	5
mRNA33	gene-Q903CP_gene100	46.667	15	8	0	138	152	194	208	8.9	21.2	1
mRNA33	gene-Q903CP_gene113	29.268	41	29	0	962	1002	802	842	9.8	21.2	3
mRNA34	gene-Q903CP_gene56	99.574	235	1	0	1	235	1	235	0.0	488	100
mRNA34	gene-Q903CP_gene28	32.653	49	31	1	98	146	60	106	0.013	27.3	21
mRNA34	gene-Q903CP_gene69	24.490	49	37	0	85	133	65	113	1.6	20.8	21
mRNA34	gene-Q903CP_gene92	28.788	66	30	3	57	109	679	740	3.0	20.4	40
mRNA34	gene-Q903CP_gene92	30.952	42	19	2	183	224	217	248	5.3	19.6	40
mRNA34	gene-Q903CP_gene128	40.000	20	12	0	129	148	1052	1071	4.5	19.6	9
mRNA34	gene-Q903CP_gene60	26.168	107	49	6	118	217	261	344	7.4	18.9	51
mRNA34	gene-Q903CP_gene60	38.095	21	13	0	66	86	161	181	9.8	18.5	51
mRNA34	gene-Q903CP_gene111	28.571	21	15	0	55	75	15	35	7.7	18.9	9
mRNA34	gene-Q903CP_gene113	42.105	19	11	0	115	133	62	80	7.8	18.9	8
mRNA35	gene-Q903CP_gene57	100.000	249	0	0	1	249	1	249	0.0	495	100
mRNA35	gene-Q903CP_gene3	23.077	52	30	2	158	209	328	369	1.0	21.9	21
mRNA35	gene-Q903CP_gene35	26.190	42	23	1	75	116	254	287	2.9	20.4	17
mRNA36	gene-Q903CP_gene58	100.000	82	0	0	1	82	1	82	1.73e-53	153	100
mRNA36	gene-Q903CP_gene81	36.364	22	14	0	21	42	148	169	6.6	16.9	27
mRNA36	gene-Q903CP_gene92	50.000	16	8	0	65	80	161	176	7.3	16.9	20
mRNA37	gene-Q903CP_gene59	99.459	185	1	0	1	185	1	185	6.72e-136	370	100
mRNA37	gene-Q903CP_gene100	30.303	33	23	0	115	147	301	333	0.094	24.3	18
mRNA37	gene-Q903CP_gene27	24.074	54	39	1	15	68	265	316	2.4	20.0	29
mRNA37	gene-Q903CP_gene123	36.842	38	17	1	121	151	31	68	3.2	19.2	17
mRNA37	gene-Q903CP_gene91	47.619	21	10	1	159	178	64	84	4.9	18.9	11
mRNA37	gene-Q903CP_gene55	34.783	23	15	0	24	46	707	729	8.2	18.5	12
mRNA37	gene-Q903CP_gene53	39.394	33	16	1	79	107	1043	1075	8.6	18.5	16
mRNA38	gene-Q903CP_gene60	99.016	508	5	0	1	508	1	508	0.0	1009	100
mRNA38	gene-Q903CP_gene35	25.564	399	268	12	67	450	67	451	5.81e-18	77.8	76
mRNA38	gene-Q903CP_gene100	25.000	60	42	2	408	464	130	189	2.0	21.9	11
mRNA38	gene-Q903CP_gene70	22.388	67	45	2	1	61	101	166	4.7	20.4	12
mRNA38	gene-Q903CP_gene54	41.667	24	11	1	466	489	151	171	5.4	20.8	5
mRNA38	gene-Q903CP_gene4	46.667	15	8	0	332	346	19	33	7.8	18.5	3
mRNA38	gene-Q903CP_gene53	26.316	38	28	0	48	85	638	675	9.2	20.0	7
mRNA39	gene-Q903CP_gene63	100.000	34	0	0	1	34	1	34	2.07e-18	61.6	100
mRNA39	gene-Q903CP_gene10	100.000	34	0	0	1	34	1	34	2.07e-18	61.6	100
mRNA39	gene-Q903CP_gene92	33.333	12	8	0	1	12	352	363	5.8	15.4	35
mRNA40	gene-Q903CP_gene65	99.607	509	2	0	1	509	1	509	0.0	1030	100
mRNA40	gene-Q903CP_gene99	24.768	323	181	13	2	291	32	325	2.67e-15	69.3	67
mRNA40	gene-Q903CP_gene99	29.412	51	36	0	419	469	394	444	0.002	31.6	67
mRNA40	gene-Q903CP_gene113	35.556	45	18	2	284	319	60	102	0.55	23.9	18
mRNA40	gene-Q903CP_gene113	27.273	55	31	2	409	463	762	807	4.5	21.2	18
mRNA40	gene-Q903CP_gene128	35.714	28	17	1	256	283	1910	1936	1.2	22.7	6
mRNA40	gene-Q903CP_gene93	25.676	74	53	2	156	228	66	138	2.7	21.6	14
mRNA40	gene-Q903CP_gene92	31.818	44	30	0	167	210	101	144	4.3	21.2	17
mRNA40	gene-Q903CP_gene92	35.000	40	24	1	302	341	266	303	7.6	20.4	17
mRNA40	gene-Q903CP_gene92	40.000	30	12	2	189	213	278	306	9.5	20.0	17
mRNA40	gene-Q903CP_gene89	35.714	28	17	1	285	312	141	167	6.3	20.0	6
mRNA41	gene-Q903CP_gene66	100.000	36	0	0	1	36	1	36	2.61e-22	71.6	100
mRNA41	gene-Q903CP_gene79	36.000	25	16	0	9	33	79	103	0.77	17.7	69
mRNA41	gene-Q903CP_gene57	46.154	13	7	0	21	33	56	68	1.7	16.9	36
mRNA41	gene-Q903CP_gene82	62.500	8	3	0	28	35	54	61	2.0	16.5	22
mRNA41	gene-Q903CP_gene75	57.143	7	3	0	23	29	91	97	7.9	15.0	19
mRNA42	gene-Q903CP_gene67	100.000	44	0	0	1	44	1	44	8.18e-30	90.9	100
mRNA42	gene-Q903CP_gene92	26.667	30	16	1	13	36	442	471	0.33	19.2	55
mRNA42	gene-Q903CP_gene59	46.667	15	8	0	23	37	110	124	3.2	16.5	34
mRNA42	gene-Q903CP_gene55	57.143	7	3	0	37	43	505	511	4.7	16.2	16
mRNA42	gene-Q903CP_gene93	66.667	6	2	0	38	43	31	36	9.9	15.4	14
mRNA43	gene-Q903CP_gene68	96.053	76	3	0	1	76	1	76	7.44e-51	146	100
mRNA43	gene-Q903CP_gene53	42.105	19	11	0	54	72	836	854	3.1	18.1	25
mRNA43	gene-Q903CP_gene93	35.000	40	22	1	25	60	112	151	3.7	17.7	47
mRNA44	gene-Q903CP_gene69	100.000	216	0	0	1	216	1	216	4.56e-161	436	100
mRNA44	gene-Q903CP_gene56	24.490	49	37	0	65	113	85	133	1.5	20.8	23
mRNA44	gene-Q903CP_gene28	31.111	45	29	1	40	82	11	55	3.4	19.6	20
mRNA44	gene-Q903CP_gene5	30.556	36	21	1	100	131	141	176	4.5	19.6	15
mRNA44	gene-Q903CP_gene128	41.667	12	7	0	81	92	1291	1302	5.3	19.2	19
mRNA44	gene-Q903CP_gene128	27.586	29	21	0	170	198	747	775	7.5	18.9	19
mRNA44	gene-Q903CP_gene34	25.287	87	56	4	32	110	189	274	9.8	18.5	37
mRNA45	gene-Q903CP_gene70	99.441	179	1	0	1	179	1	179	3.72e-131	357	100
mRNA45	gene-Q903CP_gene60	22.388	67	45	2	101	166	1	61	1.7	20.4	37
mRNA45	gene-Q903CP_gene92	31.429	35	17	2	141	171	392	423	2.1	20.4	17
mRNA45	gene-Q903CP_gene11	24.528	53	29	1	62	103	3	55	3.2	19.2	23
mRNA45	gene-Q903CP_gene99	50.000	16	8	0	143	158	168	183	3.9	19.2	9
mRNA45	gene-Q903CP_gene15	38.462	13	8	0	166	178	39	51	5.3	18.5	7
mRNA45	gene-Q903CP_gene128	43.478	23	11	1	68	90	122	142	6.1	18.9	13
mRNA45	gene-Q903CP_gene79	26.316	19	14	0	73	91	46	64	6.8	18.5	11
mRNA45	gene-Q903CP_gene120	40.741	27	14	1	64	90	118	142	9.0	18.1	15
mRNA45	gene-Q903CP_gene69	30.769	39	27	0	138	176	147	185	9.5	18.1	22
mRNA46	gene-Q903CP_gene71	99.703	337	1	0	1	337	1	337	0.0	688	100
mRNA46	gene-Q903CP_gene100	24.138	87	52	3	174	247	152	237	1.2	21.9	22
mRNA46	gene-Q903CP_gene3	25.439	114	60	5	160	260	48	149	3.9	20.4	30
mRNA46	gene-Q903CP_gene5	21.429	56	43	1	114	169	297	351	4.3	20.4	17
mRNA46	gene-Q903CP_gene113	54.545	11	5	0	222	232	210	220	7.7	19.6	3
mRNA46	gene-Q903CP_gene77	58.333	12	5	0	26	37	26	37	8.1	18.9	4
mRNA47	gene-Q903CP_gene72	100.000	131	0	0	1	131	1	131	1.25e-95	263	100
mRNA47	gene-Q903CP_gene55	37.500	32	17	1	72	100	178	209	5.0	18.5	38
mRNA47	gene-Q903CP_gene55	27.586	29	21	0	93	121	347	375	7.8	18.1	38
mRNA47	gene-Q903CP_gene113	42.857	14	8	0	90	103	929	942	6.4	18.1	11
mRNA47	gene-Q903CP_gene1	54.545	11	5	0	21	31	258	268	8.6	17.7	8
mRNA48	gene-Q903CP_gene73	100.000	38	0	0	1	38	1	38	1.76e-22	72.0	100
mRNA48	gene-Q903CP_gene128	28.571	21	15	0	16	36	1574	1594	0.52	18.5	55
mRNA48	gene-Q903CP_gene55	40.000	20	7	1	8	22	230	249	3.5	16.2	39
mRNA48	gene-Q903CP_gene112	44.444	9	5	0	15	23	439	447	9.5	15.0	24
mRNA49	gene-Q903CP_gene74	100.000	79	0	0	1	79	1	79	4.19e-56	159	100
mRNA49	gene-Q903CP_gene128	38.889	18	11	0	2	19	1007	1024	4.9	17.3	23
mRNA49	gene-Q903CP_gene92	42.857	14	6	1	25	38	620	631	9.3	16.5	18
mRNA50	gene-Q903CP_gene75	100.000	133	0	0	1	133	1	133	9.85e-97	266	100
mRNA50	gene-Q903CP_gene113	43.478	23	13	0	21	43	663	685	0.086	23.9	17
mRNA50	gene-Q903CP_gene39	42.105	19	11	0	115	133	50	68	0.15	21.9	14
mRNA50	gene-Q903CP_gene23	53.846	13	6	0	2	14	6	18	4.7	18.1	10
mRNA51	gene-Q903CP_gene76	100.000	123	0	0	1	123	1	123	3.65e-90	249	100
mRNA51	gene-Q903CP_gene34	36.364	22	14	0	71	92	285	306	0.66	20.8	18
mRNA51	gene-Q903CP_gene100	38.095	21	13	0	99	119	121	141	6.2	18.1	17
mRNA51	gene-Q903CP_gene89	23.529	34	18	1	47	72	125	158	7.0	17.7	21
mRNA52	gene-Q903CP_gene77	99.259	135	1	0	1	135	1	135	1.00e-96	266	100
mRNA52	gene-Q903CP_gene29	29.630	27	19	0	84	110	15	41	3.4	18.9	20
mRNA52	gene-Q903CP_gene71	58.333	12	5	0	26	37	26	37	3.6	18.9	9
mRNA52	gene-Q903CP_gene112	58.333	12	5	0	96	107	334	345	3.6	18.9	9
mRNA52	gene-Q903CP_gene92	47.368	19	10	0	104	122	730	748	7.5	18.1	14
mRNA52	gene-Q903CP_gene81	26.667	45	29	2	45	88	197	238	8.7	17.7	33
mRNA53	gene-Q903CP_gene78	100.000	219	0	0	1	219	1	219	8.22e-164	443	100
mRNA53	gene-Q903CP_gene35	43.750	16	9	0	157	172	451	466	2.1	20.4	7
mRNA53	gene-Q903CP_gene55	21.154	52	41	0	137	188	628	679	2.4	20.4	24
mRNA53	gene-Q903CP_gene54	28.125	32	20	1	154	182	205	236	2.9	20.0	13
mRNA53	gene-Q903CP_gene128	33.898	59	35	1	64	118	449	507	3.8	20.0	25
mRNA54	gene-Q903CP_gene79	99.301	143	1	0	1	143	1	143	1.45e-105	290	100
mRNA54	gene-Q903CP_gene66	36.000	25	16	0	79	103	9	33	3.1	17.7	17
mRNA54	gene-Q903CP_gene7	33.333	15	10	0	126	140	39	53	3.2	18.1	10
mRNA54	gene-Q903CP_gene70	26.316	19	14	0	46	64	73	91	5.7	18.1	13
mRNA55	gene-Q903CP_gene80	98.925	93	1	0	1	93	1	93	2.96e-67	189	100
mRNA55	gene-Q903CP_gene24	33.333	24	14	1	59	82	8	29	1.5	18.1	26
mRNA55	gene-Q903CP_gene128	42.857	14	8	0	47	60	860	873	1.7	19.2	49
mRNA55	gene-Q903CP_gene128	31.250	32	20	1	3	34	326	355	7.4	17.3	49
mRNA55	gene-Q903CP_gene3	27.869	61	29	2	14	61	244	302	3.7	18.1	52
mRNA55	gene-Q903CP_gene65	27.273	44	32	0	34	77	5	48	3.8	18.1	47
mRNA56	gene-Q903CP_gene81	100.000	277	0	0	1	277	1	277	0.0	561	100
mRNA56	gene-Q903CP_gene82	29.268	41	29	0	203	243	27	67	0.097	23.9	15
mRNA56	gene-Q903CP_gene32	47.059	17	9	0	112	128	250	266	0.64	22.3	6
mRNA56	gene-Q903CP_gene92	30.435	46	21	1	125	159	513	558	0.88	22.3	13
mRNA56	gene-Q903CP_gene53	37.838	37	19	2	103	137	812	846	2.1	21.2	13
mRNA56	gene-Q903CP_gene34	23.490	149	100	4	34	169	278	425	2.8	20.4	49
mRNA56	gene-Q903CP_gene27	28.000	50	36	0	177	226	241	290	4.7	19.6	18
mRNA56	gene-Q903CP_gene28	23.684	38	27	1	241	276	56	93	9.4	18.9	13
mRNA56	gene-Q903CP_gene3	33.333	15	10	0	185	199	321	335	9.6	18.9	5
mRNA57	gene-Q903CP_gene82	97.826	92	2	0	1	92	1	92	3.51e-66	186	100
mRNA57	gene-Q903CP_gene81	29.268	41	29	0	27	67	203	243	0.067	23.1	45
mRNA57	gene-Q903CP_gene113	27.451	51	34	2	16	66	1668	1715	0.52	20.8	55
mRNA57	gene-Q903CP_gene32	34.783	23	15	0	48	70	157	179	3.5	18.1	25
mRNA57	gene-Q903CP_gene5	21.739	46	30	1	1	46	263	302	3.6	18.1	50
mRNA57	gene-Q903CP_gene66	26.667	45	23	1	17	61	1	35	3.9	16.9	49
mRNA57	gene-Q903CP_gene55	33.333	21	14	0	2	22	410	430	4.0	18.1	23
mRNA57	gene-Q903CP_gene28	47.059	17	6	1	30	43	158	174	8.2	16.9	15
mRNA58	gene-Q903CP_gene89	99.010	202	2	0	1	202	1	202	1.75e-149	405	100
mRNA58	gene-Q903CP_gene42	93.671	79	5	0	67	145	6	84	1.38e-51	154	39
mRNA58	gene-Q903CP_gene93	30.000	70	31	3	70	137	314	367	0.48	22.3	34
mRNA58	gene-Q903CP_gene55	28.571	56	31	2	113	159	374	429	0.58	22.3	23
mRNA58	gene-Q903CP_gene85	24.444	45	33	1	123	166	51	95	1.7	20.4	22
mRNA58	gene-Q903CP_gene92	29.412	51	30	1	79	129	331	375	5.2	19.2	25
mRNA58	gene-Q903CP_gene36	20.690	29	23	0	160	188	34	62	7.6	18.5	14
mRNA59	gene-Q903CP_gene91	99.415	171	1	0	1	171	1	171	4.38e-129	351	100
mRNA59	gene-Q903CP_gene59	47.619	21	10	1	64	84	159	178	4.2	18.9	12
mRNA60	gene-Q903CP_gene92	99.601	751	3	0	1	751	1	751	0.0	1516	100
mRNA60	gene-Q903CP_gene93	44.695	754	342	17	32	744	8	727	0.0	578	95
mRNA60	gene-Q903CP_gene42	29.412	51	30	1	331	375	18	68	1.9	21.9	6
mRNA60	gene-Q903CP_gene81	30.435	46	21	1	513	558	125	159	2.5	22.3	6
mRNA60	gene-Q903CP_gene128	36.842	19	12	0	425	443	473	491	5.4	21.2	3
mRNA60	gene-Q903CP_gene65	21.759	216	115	6	101	303	167	341	5.4	21.2	27
mRNA60	gene-Q903CP_gene67	26.667	30	16	1	442	471	13	36	5.5	19.2	4
mRNA60	gene-Q903CP_gene45	34.615	26	16	1	441	466	12	36	6.8	18.9	3
mRNA60	gene-Q903CP_gene8	34.615	26	16	1	441	466	12	36	6.8	18.9	3
mRNA60	gene-Q903CP_gene70	31.429	35	17	2	392	423	141	171	9.4	20.0	4
mRNA60	gene-Q903CP_gene56	28.788	66	30	3	679	740	57	109	9.7	20.4	8
mRNA60	gene-Q903CP_gene4	25.714	35	19	1	94	128	3	30	9.8	18.5	5
mRNA61	gene-Q903CP_gene93	100.000	735	0	0	1	735	1	735	0.0	1491	100
mRNA61	gene-Q903CP_gene92	44.695	754	342	17	8	727	32	744	0.0	556	98
mRNA61	gene-Q903CP_gene42	27.941	68	35	2	314	367	9	76	0.32	23.9	9
mRNA61	gene-Q903CP_gene42	63.636	11	4	0	262	272	90	100	2.4	21.6	9
mRNA61	gene-Q903CP_gene89	30.000	70	31	3	314	367	70	137	1.5	22.7	7
mRNA61	gene-Q903CP_gene65	25.676	74	53	2	66	138	156	228	3.7	21.6	10
mRNA61	gene-Q903CP_gene113	22.917	48	32	2	190	234	1541	1586	6.3	21.2	6
mRNA61	gene-Q903CP_gene27	46.667	15	8	0	71	85	272	286	6.9	20.8	2
mRNA62	gene-Q903CP_gene94	100.000	100	0	0	1	100	1	100	1.91e-72	202	100
mRNA62	gene-Q903CP_gene36	47.059	17	9	0	1	17	98	114	1.7	19.2	17
mRNA62	gene-Q903CP_gene53	36.364	22	14	0	69	90	682	703	3.4	18.5	22
mRNA62	gene-Q903CP_gene100	50.000	14	7	0	75	88	121	134	8.4	17.3	14
mRNA63	gene-Q903CP_gene97	99.010	101	0	1	1	101	1	100	1.25e-65	185	100
mRNA63	gene-Q903CP_gene111	36.000	25	15	1	73	96	251	275	6.3	17.7	24
mRNA63	gene-Q903CP_gene128	25.926	27	20	0	20	46	1723	1749	7.5	17.3	27
mRNA64	gene-Q903CP_gene99	100.000	474	0	0	1	474	1	474	0.0	956	100
mRNA64	gene-Q903CP_gene65	25.077	323	180	13	32	325	2	291	1.50e-15	70.1	77
mRNA64	gene-Q903CP_gene65	28.767	73	50	1	394	464	419	491	3.76e-05	37.0	77
mRNA64	gene-Q903CP_gene3	28.947	38	27	0	145	182	270	307	0.19	25.0	16
mRNA64	gene-Q903CP_gene3	25.000	40	29	1	92	131	386	424	8.3	20.0	16
mRNA64	gene-Q903CP_gene112	30.612	49	28	3	388	431	184	231	0.74	23.5	9
mRNA64	gene-Q903CP_gene53	30.769	39	14	2	214	242	781	816	3.7	21.2	12
mRNA64	gene-Q903CP_gene53	27.586	29	15	1	259	287	216	238	7.3	20.0	12
mRNA64	gene-Q903CP_gene113	34.483	29	19	0	301	329	117	145	4.5	20.8	6
mRNA64	gene-Q903CP_gene27	31.818	44	27	1	83	126	258	298	5.1	20.4	9
mRNA64	gene-Q903CP_gene21	41.176	17	10	0	200	216	13	29	6.8	18.9	4
mRNA64	gene-Q903CP_gene39	46.154	13	7	0	279	291	55	67	7.7	18.9	3
mRNA65	gene-Q903CP_gene100	100.000	354	0	0	1	354	1	354	0.0	719	100
mRNA65	gene-Q903CP_gene1	31.544	298	193	6	10	299	8	302	6.82e-39	134	82
mRNA65	gene-Q903CP_gene59	30.303	33	23	0	301	333	115	147	0.19	24.3	9
mRNA65	gene-Q903CP_gene32	25.000	48	35	1	242	289	206	252	0.66	22.7	14
mRNA65	gene-Q903CP_gene53	25.862	58	34	2	25	79	508	559	0.72	23.1	16
mRNA65	gene-Q903CP_gene71	24.138	87	52	3	152	237	174	247	1.4	21.9	24
mRNA65	gene-Q903CP_gene111	28.571	42	29	1	309	350	37	77	1.7	21.6	12
mRNA65	gene-Q903CP_gene36	42.105	19	11	0	106	124	51	69	2.5	20.8	5
mRNA65	gene-Q903CP_gene55	46.667	15	8	0	194	208	138	152	2.6	21.2	13
mRNA65	gene-Q903CP_gene55	27.273	33	21	1	314	343	354	386	8.0	19.6	13
mRNA65	gene-Q903CP_gene123	53.846	13	6	0	240	252	137	149	3.6	20.4	4
mRNA65	gene-Q903CP_gene113	32.609	46	22	2	227	266	1618	1660	4.8	20.4	11
mRNA65	gene-Q903CP_gene68	34.615	26	17	0	119	144	38	63	9.4	18.5	7
mRNA66	gene-Q903CP_gene111	100.000	292	0	0	1	292	1	292	0.0	592	100
mRNA66	gene-Q903CP_gene34	23.750	80	54	3	97	174	237	311	0.022	27.3	27
mRNA66	gene-Q903CP_gene115	53.846	13	6	0	192	204	18	30	0.48	21.9	4
mRNA66	gene-Q903CP_gene100	28.571	42	29	1	37	77	309	350	1.3	21.6	14
mRNA66	gene-Q903CP_gene85	27.586	29	21	0	20	48	95	123	1.3	21.2	10
mRNA66	gene-Q903CP_gene127	37.931	29	13	1	226	254	28	51	2.3	19.6	10
mRNA66	gene-Q903CP_gene7	55.556	9	4	0	198	206	33	41	2.8	19.2	3
mRNA66	gene-Q903CP_gene12	25.926	27	20	0	210	236	51	77	4.9	19.2	9
mRNA66	gene-Q903CP_gene53	50.000	14	7	0	254	267	279	292	6.4	19.6	5
mRNA66	gene-Q903CP_gene5	25.000	40	30	0	171	210	221	260	8.2	19.2	14
mRNA67	gene-Q903CP_gene112	99.572	467	2	0	1	467	1	467	0.0	962	99
mRNA67	gene-Q903CP_gene5	36.364	33	19	1	92	122	78	110	0.089	26.2	7
mRNA67	gene-Q903CP_gene99	30.612	49	28	3	184	231	388	431	0.76	23.1	10
mRNA67	gene-Q903CP_gene22	50.000	14	7	0	92	105	1	14	1.9	21.2	3
mRNA67	gene-Q903CP_gene3	28.947	38	27	0	297	334	401	438	4.9	20.8	8
mRNA67	gene-Q903CP_gene55	35.294	34	18	1	33	62	376	409	9.4	19.6	6
mRNA68	gene-Q903CP_gene113	95.504	1757	39	6	1	1748	1	1726	0.0	3408	100
mRNA68	gene-Q903CP_gene128	29.487	78	48	3	1215	1291	680	751	0.10	28.1	7
mRNA68	gene-Q903CP_gene128	52.632	19	9	0	1648	1666	1565	1583	1.2	24.6	7
mRNA68	gene-Q903CP_gene128	40.741	27	16	0	955	981	84	110	8.6	21.9	7
mRNA68	gene-Q903CP_gene75	43.478	23	13	0	684	706	21	43	1.3	23.9	1
mRNA68	gene-Q903CP_gene101	33.333	27	18	0	47	73	17	43	2.7	21.9	2
mRNA68	gene-Q903CP_gene20	53.333	15	7	0	305	319	3	17	3.4	20.8	1
mRNA68	gene-Q903CP_gene53	35.897	39	19	1	1628	1660	644	682	8.6	21.9	2
mRNA68	gene-Q903CP_gene120	39.286	28	17	0	954	981	83	110	8.9	21.6	2
mRNA69	gene-Q903CP_gene114	100.000	89	0	0	1	89	1	89	8.25e-61	172	100
mRNA69	gene-Q903CP_gene55	29.630	27	19	0	26	52	214	240	0.11	22.7	30
mRNA69	gene-Q903CP_gene5	36.364	22	14	0	56	77	68	89	3.4	18.1	25
mRNA69	gene-Q903CP_gene3	33.962	53	32	3	25	77	307	356	9.2	16.9	60
mRNA69	gene-Q903CP_gene85	40.000	20	11	1	37	55	30	49	9.8	16.5	21
mRNA70	gene-Q903CP_gene115	100.000	82	0	0	1	82	1	82	4.38e-60	170	100
mRNA70	gene-Q903CP_gene111	53.846	13	6	0	18	30	192	204	0.13	21.9	16
mRNA70	gene-Q903CP_gene56	33.333	15	10	0	61	75	12	26	6.2	17.3	18
mRNA70	gene-Q903CP_gene113	41.667	12	7	0	4	15	1304	1315	7.2	16.9	15
mRNA71	gene-Q903CP_gene116	99.688	321	1	0	1	321	1	321	0.0	645	100
mRNA71	gene-Q903CP_gene3	22.500	40	31	0	96	135	166	205	1.9	21.2	12
mRNA71	gene-Q903CP_gene54	44.444	18	10	0	268	285	638	655	5.8	20.0	6
mRNA72	gene-Q903CP_gene119	100.000	71	0	0	1	71	1	71	7.43e-48	138	100
mRNA72	gene-Q903CP_gene55	47.368	19	10	0	1	19	437	455	0.10	21.9	31
mRNA72	gene-Q903CP_gene55	62.500	8	3	0	15	22	178	185	7.7	16.5	31
mRNA72	gene-Q903CP_gene113	28.814	59	32	1	8	66	292	340	2.2	18.1	90
mRNA72	gene-Q903CP_gene113	33.333	24	16	0	3	26	1550	1573	7.4	16.5	90
mRNA73	gene-Q903CP_gene123	100.000	156	0	0	1	156	1	156	7.33e-115	314	100
mRNA73	gene-Q903CP_gene100	53.846	13	6	0	137	149	240	252	1.6	20.4	8
mRNA73	gene-Q903CP_gene59	36.842	38	17	1	31	68	121	151	2.6	19.6	24
mRNA73	gene-Q903CP_gene55	31.579	38	20	2	1	38	727	758	5.4	18.9	24
mRNA73	gene-Q903CP_gene42	32.432	37	23	1	77	113	11	45	6.5	18.1	24
mRNA73	gene-Q903CP_gene53	42.105	19	8	1	86	104	782	797	7.3	18.5	12
mRNA73	gene-Q903CP_gene128	50.000	10	5	0	102	111	2033	2042	9.6	18.1	6
mRNA74	gene-Q903CP_gene128	98.025	2127	42	0	1	2127	1	2127	0.0	4246	100
mRNA74	gene-Q903CP_gene120	98.214	168	3	0	1	168	1	168	2.96e-108	334	8
mRNA74	gene-Q903CP_gene113	22.059	136	87	5	634	751	1143	1277	0.34	26.9	6
mRNA74	gene-Q903CP_gene113	52.632	19	9	0	1565	1583	1626	1644	1.6	24.6	6
mRNA74	gene-Q903CP_gene65	39.286	28	16	1	1910	1936	256	283	2.0	24.3	1
mRNA74	gene-Q903CP_gene5	41.667	24	14	0	587	610	341	364	4.0	23.1	1
mRNA74	gene-Q903CP_gene55	21.656	157	94	5	105	251	325	462	4.3	23.1	8
mRNA74	gene-Q903CP_gene55	50.000	18	9	0	1908	1925	713	730	6.9	22.7	8
mRNA74	gene-Q903CP_gene3	32.692	52	27	3	1328	1371	311	362	6.4	22.7	2
mRNA74	gene-Q903CP_gene112	20.588	68	40	2	239	292	386	453	6.6	22.3	3
mRNA74	gene-Q903CP_gene11	24.561	57	37	1	864	920	125	175	7.2	21.9	3
mRNA74	gene-Q903CP_gene53	35.000	40	24	1	607	644	44	83	8.6	22.3	2
