tRNA1	gene-OU3CP_gene2	99.961	2582	1	0	1	2582	1	2582	0.0	4763	100
tRNA2	gene-OU3CP_gene5	100.000	72	0	0	1	72	1	72	2.18e-35	134	100
tRNA3	gene-OU3CP_gene39	100.000	88	0	0	1	88	1	88	3.52e-44	163	100
tRNA3	gene-OU3CP_gene8	100.000	88	0	0	1	88	1	88	3.52e-44	163	100
tRNA4	gene-OU3CP_gene17	100.000	74	0	0	1	74	1	74	1.74e-36	137	100
tRNA5	gene-OU3CP_gene18	100.000	74	0	0	1	74	1	74	1.74e-36	137	100
tRNA6	gene-OU3CP_gene30	100.000	74	0	0	1	74	1	74	1.74e-36	137	100
tRNA7	gene-OU3CP_gene34	100.000	73	0	0	1	73	1	73	6.16e-36	135	100
tRNA8	gene-OU3CP_gene35	100.000	619	0	0	1	619	1	619	0.0	1144	100
tRNA9	gene-OU3CP_gene36	98.667	75	1	0	1	75	1	75	2.29e-35	134	100
tRNA9	gene-OU3CP_gene114	97.333	75	2	0	1	75	1	75	1.06e-33	128	100
tRNA10	gene-OU3CP_gene37	100.000	71	0	0	2	72	1	71	7.84e-35	132	99
tRNA10	gene-OU3CP_gene92	92.958	71	5	0	2	72	1	71	1.71e-26	104	99
tRNA11	gene-OU3CP_gene39	100.000	88	0	0	1	88	1	88	3.52e-44	163	100
tRNA11	gene-OU3CP_gene8	100.000	88	0	0	1	88	1	88	3.52e-44	163	100
tRNA12	gene-OU3CP_gene41	100.000	73	0	0	1	73	1	73	6.16e-36	135	100
tRNA13	gene-OU3CP_gene42	100.000	84	0	0	1	84	1	84	5.58e-42	156	100
tRNA14	gene-OU3CP_gene43	100.000	74	0	0	1	74	1	74	1.74e-36	137	100
tRNA15	gene-OU3CP_gene46	100.000	71	0	0	1	71	1	71	7.71e-35	132	100
tRNA16	gene-OU3CP_gene55	100.000	70	0	0	1	70	1	70	2.73e-34	130	100
tRNA17	gene-OU3CP_gene56	100.000	841	0	0	1	841	1	841	0.0	1554	100
tRNA18	gene-OU3CP_gene115	100.000	74	0	0	1	74	1	74	1.74e-36	137	100
tRNA18	gene-OU3CP_gene76	100.000	74	0	0	1	74	1	74	1.74e-36	137	100
tRNA19	gene-OU3CP_gene77	100.000	73	0	0	1	73	1	73	6.16e-36	135	100
tRNA20	gene-OU3CP_gene78	100.000	573	0	0	1	573	1	573	0.0	1059	100
tRNA21	gene-OU3CP_gene79	100.000	73	0	0	1	73	1	73	6.16e-36	135	100
tRNA22	gene-OU3CP_gene81	100.000	87	0	0	1	87	1	87	1.25e-43	161	100
tRNA23	gene-OU3CP_gene86	100.000	74	0	0	1	74	1	74	1.74e-36	137	100
tRNA24	gene-OU3CP_gene87	100.000	71	0	0	1	71	1	71	7.71e-35	132	100
tRNA25	gene-OU3CP_gene89	100.000	87	0	0	1	87	1	87	1.25e-43	161	100
tRNA26	gene-OU3CP_gene92	100.000	71	0	0	1	71	1	71	7.71e-35	132	100
tRNA26	gene-OU3CP_gene37	92.958	71	5	0	1	71	1	71	1.68e-26	104	100
tRNA27	gene-OU3CP_gene94	100.000	1045	0	0	1	1045	1	1045	0.0	1930	100
tRNA28	gene-OU3CP_gene95	100.000	857	0	0	1	857	1	857	0.0	1583	100
tRNA29	gene-OU3CP_gene99	100.000	74	0	0	1	74	1	74	1.74e-36	137	100
tRNA30	gene-OU3CP_gene100	98.611	72	1	0	1	72	1	72	1.01e-33	128	100
tRNA31	gene-OU3CP_gene107	100.000	78	0	0	1	78	1	78	1.11e-38	145	100
tRNA32	gene-OU3CP_gene108	100.000	74	0	0	1	74	1	74	1.74e-36	137	100
tRNA33	gene-OU3CP_gene110	100.000	72	0	0	1	72	1	72	2.18e-35	134	100
tRNA34	gene-OU3CP_gene112	100.000	81	0	0	1	81	1	81	2.49e-40	150	100
tRNA35	gene-OU3CP_gene36	100.000	75	0	0	1	75	1	75	4.92e-37	139	100
tRNA35	gene-OU3CP_gene114	98.667	75	1	0	1	75	1	75	2.29e-35	134	100
tRNA36	gene-OU3CP_gene115	100.000	74	0	0	1	74	1	74	1.74e-36	137	100
tRNA36	gene-OU3CP_gene76	100.000	74	0	0	1	74	1	74	1.74e-36	137	100
