gene1	gene-OU3CP_gene1	100.000	1062	0	0	1	1062	1	1062	0.0	1962	100
gene2	gene-OU3CP_gene2	99.961	2582	1	0	1	2582	1	2582	0.0	4763	100
gene2	gene-OU3CP_gene3	99.935	1548	1	0	819	2366	1	1548	0.0	2854	60
gene3	gene-OU3CP_gene3	99.935	1548	1	0	1	1548	1	1548	0.0	2854	100
gene3	gene-OU3CP_gene2	99.935	1548	1	0	1	1548	819	2366	0.0	2854	100
gene4	gene-OU3CP_gene4	100.000	1542	0	0	1	1542	1	1542	0.0	2848	100
gene5	gene-OU3CP_gene5	100.000	72	0	0	1	72	1	72	1.95e-34	134	100
gene6	gene-OU3CP_gene6	100.000	180	0	0	1	180	1	180	5.14e-94	333	100
gene7	gene-OU3CP_gene40	100.000	111	0	0	1	111	1	111	6.85e-56	206	100
gene7	gene-OU3CP_gene7	100.000	111	0	0	1	111	1	111	6.85e-56	206	100
gene8	gene-OU3CP_gene39	100.000	88	0	0	1	88	1	88	3.18e-43	163	100
gene8	gene-OU3CP_gene8	100.000	88	0	0	1	88	1	88	3.18e-43	163	100
gene9	gene-OU3CP_gene57	100.000	102	0	0	1	102	1	102	6.25e-51	189	100
gene9	gene-OU3CP_gene9	100.000	102	0	0	1	102	1	102	6.25e-51	189	100
gene10	gene-OU3CP_gene10	100.000	591	0	0	1	591	1	591	0.0	1092	100
gene11	gene-OU3CP_gene11	100.000	114	0	0	1	114	1	114	1.52e-57	211	100
gene11	gene-OU3CP_gene11	100.000	800	0	0	1	800	1	800	0.0	1478	100
gene13	gene-OU3CP_gene13	100.000	360	0	0	1	360	1	360	0.0	665	100
gene14	gene-OU3CP_gene14	100.000	282	0	0	1	282	1	282	1.66e-150	521	100
gene15	gene-OU3CP_gene15	100.000	207	0	0	1	207	1	207	5.86e-109	383	100
gene16	gene-OU3CP_gene16	100.000	129	0	0	1	129	1	129	8.02e-66	239	100
gene17	gene-OU3CP_gene17	100.000	74	0	0	1	74	1	74	1.56e-35	137	100
gene18	gene-OU3CP_gene18	100.000	74	0	0	1	74	1	74	1.56e-35	137	100
gene19	gene-OU3CP_gene19	100.000	114	0	0	1	114	1	114	1.52e-57	211	100
gene20	gene-OU3CP_gene20	100.000	189	0	0	1	189	1	189	5.38e-99	350	100
gene21	gene-OU3CP_gene21	100.000	252	0	0	1	252	1	252	6.99e-134	466	100
gene22	gene-OU3CP_gene22	100.000	120	0	0	1	120	1	120	7.44e-61	222	100
gene23	gene-OU3CP_gene23	100.000	117	0	0	1	117	1	117	3.36e-59	217	100
gene24	gene-OU3CP_gene24	100.000	123	0	0	1	123	1	123	1.64e-62	228	100
gene25	gene-OU3CP_gene25	100.000	996	0	0	1	996	1	996	0.0	1840	100
gene26	gene-OU3CP_gene26	100.000	786	0	0	1	786	1	786	0.0	1452	100
gene27	gene-OU3CP_gene27	100.000	555	0	0	1	555	1	555	0.0	1026	100
gene28	gene-OU3CP_gene28	100.000	111	0	0	1	111	1	111	6.85e-56	206	100
gene29	gene-OU3CP_gene29	100.000	981	0	0	1	981	1	981	0.0	1812	100
gene30	gene-OU3CP_gene30	100.000	74	0	0	1	74	1	74	1.56e-35	137	100
gene31	gene-OU3CP_gene31	100.000	1428	0	0	1	1428	1	1428	0.0	2638	100
gene32	gene-OU3CP_gene32	100.000	1479	0	0	1	1479	1	1479	0.0	2732	100
gene33	gene-OU3CP_gene33	100.000	414	0	0	1	414	1	414	0.0	765	100
gene34	gene-OU3CP_gene34	100.000	73	0	0	1	73	1	73	5.51e-35	135	100
gene35	gene-OU3CP_gene35	100.000	619	0	0	1	619	1	619	0.0	1144	100
gene36	gene-OU3CP_gene36	98.667	75	1	0	1	75	1	75	2.05e-34	134	100
gene36	gene-OU3CP_gene114	97.333	75	2	0	1	75	1	75	9.54e-33	128	100
gene37	gene-OU3CP_gene37	100.000	71	0	0	2	72	1	71	7.00e-34	132	99
gene37	gene-OU3CP_gene92	92.958	71	5	0	2	72	1	71	1.53e-25	104	99
gene38	gene-OU3CP_gene38	100.000	90	0	0	1	90	4	93	2.53e-44	167	100
gene39	gene-OU3CP_gene39	100.000	88	0	0	1	88	1	88	3.18e-43	163	100
gene39	gene-OU3CP_gene8	100.000	88	0	0	1	88	1	88	3.18e-43	163	100
gene40	gene-OU3CP_gene40	100.000	111	0	0	1	111	1	111	6.85e-56	206	100
gene40	gene-OU3CP_gene7	100.000	111	0	0	1	111	1	111	6.85e-56	206	100
gene41	gene-OU3CP_gene41	100.000	73	0	0	1	73	1	73	5.51e-35	135	100
gene42	gene-OU3CP_gene42	100.000	84	0	0	1	84	1	84	5.03e-41	156	100
gene43	gene-OU3CP_gene43	100.000	74	0	0	1	74	1	74	1.56e-35	137	100
gene44	gene-OU3CP_gene44	100.000	114	0	0	1	114	1	114	1.52e-57	211	100
gene45	gene-OU3CP_gene45	100.000	90	0	0	1	90	1	90	2.53e-44	167	100
gene46	gene-OU3CP_gene46	100.000	71	0	0	1	71	1	71	6.88e-34	132	100
gene47	gene-OU3CP_gene47	100.000	3231	0	0	1	3231	1	3231	0.0	5967	100
gene48	gene-OU3CP_gene48	100.000	1705	0	0	1069	2773	913	2617	0.0	3149	95
gene48	gene-OU3CP_gene48	100.000	916	0	0	1	916	1	916	0.0	1692	95
gene49	gene-OU3CP_gene49	100.000	3657	0	0	1	3657	1	3657	0.0	6754	100
gene50	gene-OU3CP_gene50	100.000	705	0	0	1	705	1	705	0.0	1303	100
gene51	gene-OU3CP_gene51	100.000	747	0	0	1	747	1	747	0.0	1380	100
gene52	gene-OU3CP_gene52	100.000	246	0	0	1	246	1	246	1.47e-130	455	100
gene53	gene-OU3CP_gene53	100.000	1320	0	0	1	1320	1	1320	0.0	2438	100
gene54	gene-OU3CP_gene54	100.000	1524	0	0	1	1524	1	1524	0.0	2815	100
gene55	gene-OU3CP_gene55	100.000	70	0	0	1	70	1	70	2.48e-33	130	100
gene56	gene-OU3CP_gene56	100.000	841	0	0	1	841	1	841	0.0	1554	100
gene57	gene-OU3CP_gene57	100.000	102	0	0	1	102	1	102	6.25e-51	189	100
gene57	gene-OU3CP_gene9	100.000	102	0	0	1	102	1	102	6.25e-51	189	100
gene58	gene-OU3CP_gene58	100.000	1527	0	0	1	1527	1	1527	0.0	2820	100
gene59	gene-OU3CP_gene59	99.074	108	1	0	1	108	1	108	1.44e-52	195	100
gene60	gene-OU3CP_gene60	100.000	132	0	0	1	132	1	132	1.77e-67	244	100
gene61	gene-OU3CP_gene61	100.000	228	0	0	1	228	1	228	1.38e-120	422	100
gene62	gene-OU3CP_gene62	100.000	1438	0	0	1	1438	1	1438	0.0	2656	100
gene63	gene-OU3CP_gene63	100.000	1240	0	0	1	1240	1	1240	0.0	2290	100
gene64	gene-OU3CP_gene64	100.000	1011	0	0	1	1011	1	1011	0.0	1868	100
gene65	gene-OU3CP_gene65	100.000	393	0	0	1	393	1	393	0.0	726	100
gene66	gene-OU3CP_gene66	100.000	114	0	0	1	114	1	114	1.52e-57	211	100
gene67	gene-OU3CP_gene67	100.000	237	0	0	1	237	1	237	1.43e-125	438	100
gene68	gene-OU3CP_gene68	100.000	399	0	0	1	399	1	399	0.0	737	100
gene69	gene-OU3CP_gene69	100.000	369	0	0	1	369	1	369	0.0	682	100
gene70	gene-OU3CP_gene70	100.000	1272	0	0	1	1272	1	1272	0.0	2350	100
gene71	gene-OU3CP_gene71	100.000	657	0	0	1	657	1	657	0.0	1214	100
gene72	gene-OU3CP_gene72	100.000	429	0	0	1	429	1	429	0.0	793	100
gene73	gene-OU3CP_gene73	100.000	279	0	0	1	279	1	279	7.62e-149	516	100
gene74	gene-OU3CP_gene74	100.000	1508	0	0	1	1508	1	1508	0.0	2785	100
gene75	gene-OU3CP_gene75	100.000	276	0	0	1	276	1	276	3.51e-147	510	100
gene76	gene-OU3CP_gene115	100.000	74	0	0	1	74	1	74	1.56e-35	137	100
gene76	gene-OU3CP_gene76	100.000	74	0	0	1	74	1	74	1.56e-35	137	100
gene77	gene-OU3CP_gene77	100.000	73	0	0	1	73	1	73	5.51e-35	135	100
gene78	gene-OU3CP_gene78	100.000	573	0	0	1	573	1	573	0.0	1059	100
gene79	gene-OU3CP_gene79	100.000	73	0	0	1	73	1	73	5.51e-35	135	100
gene80	gene-OU3CP_gene80	100.000	606	0	0	1	606	1	606	0.0	1120	100
gene81	gene-OU3CP_gene81	100.000	87	0	0	1	87	1	87	1.13e-42	161	100
gene82	gene-OU3CP_gene82	99.948	1937	0	1	1	1937	1	1936	0.0	3570	100
gene83	gene-OU3CP_gene83	100.000	2253	0	0	1	2253	1	2253	0.0	4161	100
gene84	gene-OU3CP_gene84	99.864	2205	3	0	1	2205	1	2205	0.0	4056	100
gene85	gene-OU3CP_gene85	100.000	300	0	0	1	300	1	300	1.74e-160	555	100
gene86	gene-OU3CP_gene86	100.000	74	0	0	1	74	1	74	1.56e-35	137	100
gene87	gene-OU3CP_gene87	100.000	71	0	0	1	71	1	71	6.88e-34	132	100
gene88	gene-OU3CP_gene88	99.197	249	0	1	1	247	1	249	3.08e-128	448	82
gene89	gene-OU3CP_gene89	100.000	87	0	0	1	87	1	87	1.13e-42	161	100
gene90	gene-OU3CP_gene90	100.000	1422	0	0	1	1422	1	1422	0.0	2627	100
gene90	gene-OU3CP_gene91	100.000	53	0	0	1	53	1010	1062	1.74e-22	99.0	4
gene91	gene-OU3CP_gene91	100.000	1062	0	0	1	1062	1	1062	0.0	1962	100
gene91	gene-OU3CP_gene90	100.000	53	0	0	1010	1062	1	53	1.30e-22	99.0	5
gene92	gene-OU3CP_gene92	100.000	71	0	0	1	71	1	71	6.88e-34	132	100
gene92	gene-OU3CP_gene37	92.958	71	5	0	1	71	1	71	1.50e-25	104	100
gene93	gene-OU3CP_gene93	100.000	1491	0	0	1	1491	1	1491	0.0	2754	100
gene94	gene-OU3CP_gene94	100.000	1045	0	0	1	1045	1	1045	0.0	1930	100
gene95	gene-OU3CP_gene95	100.000	857	0	0	1	857	1	857	0.0	1583	100
gene96	gene-OU3CP_gene96	100.000	2807	0	0	1	2807	1	2807	0.0	5184	100
gene97	gene-OU3CP_gene97	100.000	103	0	0	1	103	1	103	1.76e-51	191	100
gene98	gene-OU3CP_gene98	100.000	121	0	0	1	121	1	121	2.09e-61	224	100
gene99	gene-OU3CP_gene99	100.000	74	0	0	1	74	1	74	1.56e-35	137	100
gene100	gene-OU3CP_gene100	98.611	72	1	0	1	72	1	72	9.06e-33	128	100
gene101	gene-OU3CP_gene101	100.000	876	0	0	1	876	1	876	0.0	1618	100
gene102	gene-OU3CP_gene102	100.000	1407	0	0	1	1407	1	1407	0.0	2599	100
gene103	gene-OU3CP_gene103	99.488	5271	0	1	1	5244	1	5271	0.0	9559	100
gene103	gene-OU3CP_gene103	93.158	190	13	0	3591	3780	3645	3834	2.15e-76	279	100
gene103	gene-OU3CP_gene103	92.025	163	13	0	3645	3807	3591	3753	2.20e-61	230	100
gene103	gene-OU3CP_gene103	90.798	163	15	0	3591	3753	3672	3834	4.75e-58	219	100
gene103	gene-OU3CP_gene103	89.706	136	14	0	3591	3726	3699	3834	1.04e-44	174	100
gene103	gene-OU3CP_gene103	88.971	136	15	0	3672	3807	3591	3726	4.86e-43	169	100
gene104	gene-OU3CP_gene104	100.000	267	0	0	1	267	1	267	3.41e-142	494	100
gene105	gene-OU3CP_gene105	100.000	246	0	0	1	246	1	246	1.47e-130	455	100
gene106	gene-OU3CP_gene106	100.000	963	0	0	1	963	1	963	0.0	1779	100
gene107	gene-OU3CP_gene107	100.000	78	0	0	1	78	1	78	9.94e-38	145	100
gene108	gene-OU3CP_gene108	100.000	74	0	0	1	74	1	74	1.56e-35	137	100
gene109	gene-OU3CP_gene109	100.000	213	0	0	1	213	1	213	2.79e-112	394	100
gene110	gene-OU3CP_gene110	100.000	72	0	0	1	72	1	72	1.95e-34	134	100
gene111	gene-OU3CP_gene111	100.000	468	0	0	1	468	1	468	0.0	865	100
gene112	gene-OU3CP_gene112	100.000	81	0	0	1	81	1	81	2.24e-39	150	100
gene113	gene-OU3CP_gene113	99.969	6381	2	0	1	6381	1	6381	0.0	11773	100
gene114	gene-OU3CP_gene36	100.000	75	0	0	1	75	1	75	4.40e-36	139	100
gene114	gene-OU3CP_gene114	98.667	75	1	0	1	75	1	75	2.05e-34	134	100
gene115	gene-OU3CP_gene115	100.000	74	0	0	1	74	1	74	1.56e-35	137	100
gene115	gene-OU3CP_gene76	100.000	74	0	0	1	74	1	74	1.56e-35	137	100
