mRNA1	gene-OU3CP_gene1	100.000	354	0	0	1	354	1	354	0.0	715	100
mRNA1	gene-OU3CP_gene91	31.544	298	193	6	8	302	10	299	8.65e-46	152	83
mRNA1	gene-OU3CP_gene49	41.176	17	10	0	181	197	1201	1217	4.5	20.4	10
mRNA1	gene-OU3CP_gene49	41.176	17	10	0	76	92	1152	1168	9.6	19.2	10
mRNA1	gene-OU3CP_gene103	32.353	34	19	1	219	248	861	894	4.8	20.4	8
mRNA1	gene-OU3CP_gene32	41.176	17	10	0	193	209	156	172	9.0	19.2	5
mRNA2	gene-OU3CP_gene3	99.806	516	1	0	1	516	1	516	0.0	1048	100
mRNA2	gene-OU3CP_gene6	64.286	14	5	0	361	374	32	45	0.35	22.3	9
mRNA2	gene-OU3CP_gene6	33.333	18	12	0	356	373	30	47	3.2	20.0	9
mRNA2	gene-OU3CP_gene6	35.714	28	16	1	135	160	8	35	6.8	18.9	9
mRNA2	gene-OU3CP_gene113	28.814	59	25	3	205	246	1920	1978	0.47	24.3	18
mRNA2	gene-OU3CP_gene113	34.615	52	26	3	311	362	1328	1371	0.95	23.1	18
mRNA2	gene-OU3CP_gene90	21.348	89	62	2	270	350	145	233	0.56	23.9	23
mRNA2	gene-OU3CP_gene90	25.000	40	29	1	386	424	92	131	8.6	20.0	23
mRNA2	gene-OU3CP_gene103	32.143	28	19	0	250	277	1052	1079	2.2	21.9	5
mRNA2	gene-OU3CP_gene106	22.500	40	31	0	166	205	96	135	2.8	21.6	8
mRNA2	gene-OU3CP_gene73	28.378	74	37	3	231	302	2	61	3.8	20.0	14
mRNA2	gene-OU3CP_gene102	28.947	38	27	0	401	438	297	334	4.9	20.8	7
mRNA2	gene-OU3CP_gene25	29.630	27	19	0	63	89	148	174	6.5	20.4	5
mRNA2	gene-OU3CP_gene64	28.070	57	30	3	95	149	213	260	7.0	20.0	11
mRNA2	gene-OU3CP_gene49	43.478	23	13	0	242	264	1183	1205	8.2	20.0	4
mRNA3	gene-OU3CP_gene4	100.000	514	0	0	1	514	1	514	0.0	1073	100
mRNA3	gene-OU3CP_gene102	36.364	33	19	1	78	110	92	122	0.092	26.2	6
mRNA3	gene-OU3CP_gene14	27.586	58	40	2	268	325	31	86	0.18	23.9	11
mRNA3	gene-OU3CP_gene113	41.667	24	14	0	341	364	587	610	0.92	23.1	7
mRNA3	gene-OU3CP_gene113	70.000	10	3	0	290	299	595	604	8.6	20.0	7
mRNA3	gene-OU3CP_gene64	21.429	56	43	1	297	351	114	169	6.5	20.4	11
mRNA3	gene-OU3CP_gene91	25.581	43	29	2	435	475	63	104	6.9	20.0	8
mRNA3	gene-OU3CP_gene16	30.000	20	14	0	102	121	2	21	8.6	18.1	4
mRNA3	gene-OU3CP_gene49	33.333	27	18	0	224	250	115	141	9.1	20.0	5
mRNA4	gene-OU3CP_gene6	100.000	60	0	0	1	60	1	60	1.46e-39	116	100
mRNA4	gene-OU3CP_gene3	64.286	14	5	0	32	45	361	374	0.044	22.3	67
mRNA4	gene-OU3CP_gene3	33.333	18	12	0	30	47	356	373	0.39	19.6	67
mRNA4	gene-OU3CP_gene3	35.714	28	16	1	8	35	135	160	0.86	18.9	67
mRNA4	gene-OU3CP_gene101	55.556	9	4	0	33	41	198	206	0.62	19.2	15
mRNA4	gene-OU3CP_gene31	42.857	14	8	0	1	14	387	400	1.2	18.5	23
mRNA4	gene-OU3CP_gene72	33.333	15	10	0	39	53	126	140	1.3	18.1	25
mRNA4	gene-OU3CP_gene49	38.462	13	8	0	41	53	677	689	5.3	16.5	22
mRNA5	gene-OU3CP_gene40	100.000	37	0	0	1	37	1	37	5.10e-23	73.2	100
mRNA5	gene-OU3CP_gene7	100.000	37	0	0	1	37	1	37	5.10e-23	73.2	100
mRNA5	gene-OU3CP_gene83	34.615	26	16	1	12	36	441	466	0.32	18.9	68
mRNA5	gene-OU3CP_gene51	50.000	18	9	0	12	29	96	113	0.67	18.1	49
mRNA5	gene-OU3CP_gene103	41.667	12	7	0	16	27	132	143	6.5	15.4	32
mRNA5	gene-OU3CP_gene21	75.000	8	2	0	17	24	29	36	8.4	15.0	22
mRNA6	gene-OU3CP_gene57	100.000	34	0	0	1	34	1	34	1.95e-18	61.6	100
mRNA6	gene-OU3CP_gene9	100.000	34	0	0	1	34	1	34	1.95e-18	61.6	100
mRNA7	gene-OU3CP_gene10	100.000	197	0	0	1	197	1	197	2.23e-150	407	100
mRNA7	gene-OU3CP_gene29	34.328	67	33	4	113	170	82	146	0.45	22.3	29
mRNA7	gene-OU3CP_gene113	24.561	57	37	1	125	175	864	920	0.63	21.9	35
mRNA7	gene-OU3CP_gene113	35.294	17	11	0	31	47	1112	1128	5.4	19.2	35
mRNA7	gene-OU3CP_gene3	29.508	61	36	3	10	68	4	59	2.9	20.0	30
mRNA7	gene-OU3CP_gene63	24.528	53	29	1	3	55	62	103	3.4	19.2	27
mRNA7	gene-OU3CP_gene54	41.667	24	13	1	148	170	11	34	4.1	19.2	12
mRNA7	gene-OU3CP_gene49	50.000	14	7	0	150	163	188	201	6.0	18.9	7
mRNA7	gene-OU3CP_gene90	41.176	17	10	0	53	69	271	287	7.1	18.5	9
mRNA8	gene-OU3CP_gene11	100.000	124	0	0	1	124	1	124	5.28e-90	249	100
mRNA8	gene-OU3CP_gene103	32.143	28	13	1	87	114	843	864	1.6	20.0	23
mRNA8	gene-OU3CP_gene101	25.926	27	20	0	51	77	210	236	2.1	19.2	22
mRNA8	gene-OU3CP_gene4	31.818	22	12	1	80	98	199	220	8.5	17.7	15
mRNA9	gene-OU3CP_gene13	100.000	120	0	0	1	120	1	120	4.28e-86	238	100
mRNA9	gene-OU3CP_gene26	38.095	21	13	0	42	62	150	170	3.5	18.5	18
mRNA9	gene-OU3CP_gene15	41.667	12	7	0	77	88	49	60	3.8	17.7	10
mRNA9	gene-OU3CP_gene106	45.455	11	6	0	83	93	179	189	4.5	18.5	9
mRNA9	gene-OU3CP_gene102	75.000	8	2	0	69	76	134	141	6.2	18.1	7
mRNA9	gene-OU3CP_gene47	36.842	19	12	0	8	26	813	831	6.9	17.7	16
mRNA9	gene-OU3CP_gene74	28.571	21	15	0	26	46	57	77	8.7	17.3	18
mRNA9	gene-OU3CP_gene113	38.095	21	13	0	43	63	1938	1958	8.8	17.7	18
mRNA10	gene-OU3CP_gene14	100.000	94	0	0	1	94	1	94	1.45e-66	187	100
mRNA10	gene-OU3CP_gene4	27.586	58	40	2	31	86	268	325	0.033	23.9	60
mRNA10	gene-OU3CP_gene63	38.462	13	8	0	39	51	166	178	2.6	18.5	14
mRNA10	gene-OU3CP_gene74	29.032	31	22	0	49	79	183	213	4.0	18.1	33
mRNA10	gene-OU3CP_gene32	38.889	18	11	0	51	68	467	484	7.3	17.3	19
mRNA11	gene-OU3CP_gene15	100.000	69	0	0	1	69	1	69	1.35e-49	142	100
mRNA11	gene-OU3CP_gene13	41.667	12	7	0	49	60	77	88	2.2	17.7	17
mRNA11	gene-OU3CP_gene47	28.571	21	15	0	23	43	872	892	2.6	17.7	61
mRNA11	gene-OU3CP_gene47	29.787	47	28	1	3	44	739	785	2.8	17.7	61
mRNA11	gene-OU3CP_gene19	44.444	18	10	0	9	26	14	31	2.9	16.9	26
mRNA11	gene-OU3CP_gene113	55.556	9	4	0	15	23	648	656	4.5	17.3	13
mRNA11	gene-OU3CP_gene102	42.857	14	8	0	4	17	2	15	7.3	16.5	20
mRNA12	gene-OU3CP_gene16	100.000	43	0	0	1	43	1	43	7.37e-27	83.6	100
mRNA12	gene-OU3CP_gene103	40.000	20	11	1	24	42	1179	1198	2.2	16.9	44
mRNA12	gene-OU3CP_gene83	42.857	14	8	0	19	32	82	95	3.5	16.5	33
mRNA12	gene-OU3CP_gene4	50.000	10	5	0	7	16	241	250	5.7	15.8	23
mRNA13	gene-OU3CP_gene19	100.000	38	0	0	1	38	1	38	2.30e-23	74.3	100
mRNA13	gene-OU3CP_gene103	53.333	15	7	0	3	17	305	319	0.069	20.8	71
mRNA13	gene-OU3CP_gene103	75.000	8	2	0	5	12	153	160	4.5	15.8	71
mRNA13	gene-OU3CP_gene103	42.105	19	11	0	11	29	117	135	5.1	15.8	71
mRNA13	gene-OU3CP_gene15	44.444	18	10	0	14	31	9	26	1.6	16.9	47
mRNA13	gene-OU3CP_gene62	33.333	21	11	1	7	27	120	137	2.7	16.5	55
mRNA13	gene-OU3CP_gene47	28.571	28	20	0	4	31	862	889	6.1	15.4	74
mRNA13	gene-OU3CP_gene113	35.294	17	11	0	6	22	65	81	6.4	15.4	45
mRNA14	gene-OU3CP_gene20	100.000	63	0	0	1	63	1	63	8.52e-42	122	100
mRNA14	gene-OU3CP_gene90	41.176	17	10	0	13	29	200	216	0.92	18.9	27
mRNA14	gene-OU3CP_gene59	47.826	23	9	1	25	44	8	30	5.5	15.8	32
mRNA14	gene-OU3CP_gene106	32.143	28	18	1	34	60	45	72	7.3	16.2	43
mRNA15	gene-OU3CP_gene21	100.000	84	0	0	1	84	1	84	5.40e-60	170	100
mRNA15	gene-OU3CP_gene22	33.333	21	14	0	14	34	9	29	0.032	22.3	25
mRNA15	gene-OU3CP_gene27	34.375	32	19	2	49	78	137	168	1.9	18.5	36
mRNA15	gene-OU3CP_gene26	54.545	11	5	0	66	76	88	98	2.5	18.5	13
mRNA15	gene-OU3CP_gene68	53.846	13	6	0	6	18	2	14	2.8	18.1	15
mRNA15	gene-OU3CP_gene113	27.586	29	21	0	54	82	264	292	4.2	17.7	35
mRNA15	gene-OU3CP_gene48	29.730	37	24	2	25	60	543	578	4.8	17.7	43
mRNA15	gene-OU3CP_gene103	28.947	38	25	2	17	52	755	792	6.6	17.3	43
mRNA15	gene-OU3CP_gene47	34.286	35	19	1	6	36	156	190	8.0	16.9	37
mRNA16	gene-OU3CP_gene22	100.000	40	0	0	1	40	1	40	2.57e-26	81.6	100
mRNA16	gene-OU3CP_gene21	33.333	21	14	0	9	29	14	34	0.015	22.3	53
mRNA16	gene-OU3CP_gene73	33.333	24	14	1	8	29	59	82	0.60	18.1	55
mRNA16	gene-OU3CP_gene83	57.143	7	3	0	8	14	260	266	6.7	15.4	18
mRNA17	gene-OU3CP_gene23	100.000	39	0	0	1	39	1	39	9.74e-24	75.1	100
mRNA17	gene-OU3CP_gene103	20.000	35	28	0	3	37	1047	1081	0.56	18.5	90
mRNA17	gene-OU3CP_gene80	35.294	17	11	0	1	17	21	37	0.67	18.1	44
mRNA17	gene-OU3CP_gene72	45.455	11	6	0	8	18	69	79	5.1	15.8	28
mRNA17	gene-OU3CP_gene27	25.000	20	15	0	19	38	68	87	5.3	15.8	51
mRNA17	gene-OU3CP_gene28	50.000	18	9	0	21	38	15	32	6.3	15.0	46
mRNA17	gene-OU3CP_gene83	83.333	6	1	0	16	21	503	508	7.1	15.4	15
mRNA18	gene-OU3CP_gene24	100.000	41	0	0	1	41	1	41	3.64e-24	76.6	100
mRNA18	gene-OU3CP_gene103	50.000	10	5	0	28	37	135	144	0.33	19.2	24
mRNA18	gene-OU3CP_gene113	55.556	9	4	0	18	26	1416	1424	6.4	15.8	39
mRNA18	gene-OU3CP_gene113	55.556	9	4	0	25	33	1447	1455	7.6	15.4	39
mRNA19	gene-OU3CP_gene25	100.000	332	0	0	1	332	1	332	0.0	672	100
mRNA19	gene-OU3CP_gene84	46.667	15	8	0	272	286	71	85	3.0	20.8	5
mRNA19	gene-OU3CP_gene90	31.818	44	27	1	258	298	83	126	3.3	20.4	12
mRNA19	gene-OU3CP_gene53	24.074	54	39	1	265	316	15	68	4.0	20.0	16
mRNA19	gene-OU3CP_gene3	29.630	27	19	0	148	174	63	89	4.4	20.0	8
mRNA19	gene-OU3CP_gene74	28.000	50	36	0	241	290	177	226	5.3	19.6	15
mRNA19	gene-OU3CP_gene49	37.931	29	13	2	144	167	878	906	7.0	19.6	7
mRNA20	gene-OU3CP_gene26	100.000	262	0	0	1	262	1	262	0.0	533	100
mRNA20	gene-OU3CP_gene50	32.653	49	31	1	60	106	98	146	0.014	27.3	18
mRNA20	gene-OU3CP_gene32	23.077	65	43	2	43	106	352	410	0.48	22.7	24
mRNA20	gene-OU3CP_gene62	31.111	45	29	1	11	55	40	82	3.7	20.0	17
mRNA20	gene-OU3CP_gene103	50.000	18	8	1	147	164	148	164	4.1	20.0	7
mRNA20	gene-OU3CP_gene113	40.000	65	34	4	120	183	1125	1185	5.7	19.6	30
mRNA20	gene-OU3CP_gene113	46.667	15	8	0	57	71	1249	1263	6.7	19.2	30
mRNA20	gene-OU3CP_gene21	54.545	11	5	0	88	98	66	76	7.7	18.5	4
mRNA20	gene-OU3CP_gene13	38.095	21	13	0	150	170	42	62	7.7	18.5	8
mRNA20	gene-OU3CP_gene58	28.205	78	41	3	14	76	7	84	8.2	18.9	24
mRNA20	gene-OU3CP_gene74	23.684	38	27	1	56	93	241	276	8.7	18.9	15
mRNA21	gene-OU3CP_gene27	100.000	185	0	0	1	185	1	185	1.30e-136	371	100
mRNA21	gene-OU3CP_gene21	34.375	32	19	2	137	168	49	78	4.3	18.5	17
mRNA21	gene-OU3CP_gene70	29.630	27	19	0	15	41	84	110	4.5	18.9	15
mRNA21	gene-OU3CP_gene64	57.143	14	6	0	135	148	46	59	5.6	18.9	8
mRNA21	gene-OU3CP_gene103	50.000	16	8	0	114	129	949	964	8.8	18.5	9
mRNA22	gene-OU3CP_gene28	100.000	37	0	0	1	37	1	37	4.25e-22	70.9	100
mRNA22	gene-OU3CP_gene25	42.857	14	8	0	19	32	125	138	1.4	16.9	38
mRNA22	gene-OU3CP_gene83	75.000	8	2	0	26	33	450	457	2.2	16.5	22
mRNA22	gene-OU3CP_gene103	71.429	7	2	0	4	10	600	606	3.0	16.2	19
mRNA22	gene-OU3CP_gene3	71.429	7	2	0	11	17	367	373	3.6	16.2	19
mRNA22	gene-OU3CP_gene23	50.000	18	9	0	15	32	21	38	6.0	15.0	49
mRNA22	gene-OU3CP_gene101	46.154	13	7	0	13	25	46	58	6.4	15.4	35
mRNA22	gene-OU3CP_gene84	55.556	9	4	0	26	34	230	238	7.4	15.4	24
mRNA23	gene-OU3CP_gene29	100.000	327	0	0	1	327	1	327	0.0	678	100
mRNA23	gene-OU3CP_gene91	25.000	48	35	1	206	252	242	289	0.55	23.1	35
mRNA23	gene-OU3CP_gene91	22.667	75	48	2	42	107	248	321	3.6	20.4	35
mRNA23	gene-OU3CP_gene10	34.328	67	33	4	82	146	113	170	0.75	22.3	20
mRNA23	gene-OU3CP_gene74	47.059	17	9	0	250	266	112	128	0.79	22.3	5
mRNA23	gene-OU3CP_gene102	20.645	155	94	5	4	137	278	424	2.2	21.2	41
mRNA23	gene-OU3CP_gene47	38.095	21	13	0	175	195	165	185	4.6	20.0	6
mRNA23	gene-OU3CP_gene103	45.000	20	9	1	31	48	1700	1719	7.5	19.6	6
mRNA24	gene-OU3CP_gene31	100.000	476	0	0	1	476	1	476	0.0	989	100
mRNA24	gene-OU3CP_gene101	26.136	88	43	4	265	347	123	193	0.049	26.9	17
mRNA24	gene-OU3CP_gene74	24.161	149	99	4	278	425	34	169	1.3	22.3	31
mRNA24	gene-OU3CP_gene69	36.364	22	14	0	285	306	71	92	2.4	20.8	5
mRNA24	gene-OU3CP_gene103	26.316	38	28	0	422	459	687	724	6.5	20.4	8
mRNA24	gene-OU3CP_gene6	42.857	14	8	0	387	400	1	14	9.6	18.5	3
mRNA25	gene-OU3CP_gene32	100.000	493	0	0	1	493	1	493	0.0	997	100
mRNA25	gene-OU3CP_gene54	25.616	406	271	13	67	456	67	457	1.94e-20	85.5	79
mRNA25	gene-OU3CP_gene26	23.077	65	43	2	352	410	43	106	0.91	22.7	12
mRNA25	gene-OU3CP_gene48	25.000	84	49	4	93	168	540	617	1.0	23.1	15
mRNA25	gene-OU3CP_gene48	26.000	50	36	1	119	168	61	109	5.8	20.4	15
mRNA25	gene-OU3CP_gene51	26.190	42	23	1	254	287	75	116	3.1	21.2	7
mRNA25	gene-OU3CP_gene103	28.571	63	39	3	112	174	787	843	3.4	21.2	13
mRNA25	gene-OU3CP_gene71	43.750	16	9	0	451	466	157	172	7.4	20.0	16
mRNA25	gene-OU3CP_gene71	24.242	66	45	1	263	323	98	163	7.6	20.0	16
mRNA26	gene-OU3CP_gene33	100.000	138	0	0	1	138	1	138	5.84e-100	275	100
mRNA26	gene-OU3CP_gene91	42.105	19	11	0	51	69	106	124	0.91	20.8	14
mRNA26	gene-OU3CP_gene85	47.059	17	9	0	98	114	1	17	2.2	19.2	12
mRNA26	gene-OU3CP_gene58	34.375	32	15	1	94	125	364	389	3.4	18.9	23
mRNA26	gene-OU3CP_gene80	20.690	29	23	0	34	62	160	188	4.9	18.5	21
mRNA27	gene-OU3CP_gene38	100.000	30	0	0	1	30	2	31	1.41e-16	56.6	100
mRNA27	gene-OU3CP_gene103	38.889	18	11	0	8	25	148	165	4.8	15.4	60
mRNA28	gene-OU3CP_gene40	100.000	37	0	0	1	37	1	37	5.10e-23	73.2	100
mRNA28	gene-OU3CP_gene7	100.000	37	0	0	1	37	1	37	5.10e-23	73.2	100
mRNA28	gene-OU3CP_gene83	34.615	26	16	1	12	36	441	466	0.32	18.9	68
mRNA28	gene-OU3CP_gene51	50.000	18	9	0	12	29	96	113	0.67	18.1	49
mRNA28	gene-OU3CP_gene103	41.667	12	7	0	16	27	132	143	6.5	15.4	32
mRNA28	gene-OU3CP_gene21	75.000	8	2	0	17	24	29	36	8.4	15.0	22
mRNA29	gene-OU3CP_gene44	100.000	38	0	0	1	38	1	38	1.41e-22	72.4	100
mRNA29	gene-OU3CP_gene64	66.667	6	2	0	22	27	225	230	8.5	15.0	16
mRNA29	gene-OU3CP_gene13	87.500	8	1	0	5	12	94	101	9.0	15.0	21
mRNA30	gene-OU3CP_gene45	100.000	30	0	0	1	30	1	30	8.90e-17	57.0	100
mRNA30	gene-OU3CP_gene106	44.444	18	10	0	6	23	4	21	7.9	14.6	60
mRNA31	gene-OU3CP_gene47	100.000	1077	0	0	1	1077	1	1077	0.0	2224	100
mRNA31	gene-OU3CP_gene91	25.862	58	34	2	508	559	25	79	2.1	23.1	5
mRNA31	gene-OU3CP_gene49	33.333	42	27	1	346	386	1167	1208	4.3	22.3	4
mRNA31	gene-OU3CP_gene113	35.000	40	24	1	44	83	607	644	4.4	21.9	4
mRNA31	gene-OU3CP_gene84	30.303	66	42	1	398	459	307	372	5.2	21.9	6
mRNA31	gene-OU3CP_gene103	35.897	39	19	1	644	682	1637	1669	5.2	21.9	4
mRNA31	gene-OU3CP_gene74	37.838	37	19	2	812	846	103	137	7.7	21.2	3
mRNA31	gene-OU3CP_gene90	30.769	39	14	2	781	816	214	242	7.8	21.2	3
mRNA32	gene-OU3CP_gene48	100.000	697	0	0	1	697	1	697	0.0	1439	100
mRNA32	gene-OU3CP_gene32	25.000	84	49	4	540	617	93	168	1.4	23.1	11
mRNA32	gene-OU3CP_gene103	36.585	41	21	3	371	406	198	238	4.0	21.6	5
mRNA32	gene-OU3CP_gene54	41.667	24	11	1	151	171	466	489	7.0	20.8	3
mRNA32	gene-OU3CP_gene71	28.125	32	20	1	205	236	154	182	8.8	20.0	5
mRNA33	gene-OU3CP_gene49	100.000	1219	0	0	1	1219	1	1219	0.0	2535	100
mRNA33	gene-OU3CP_gene104	29.630	27	19	0	214	240	26	52	1.4	22.7	2
mRNA33	gene-OU3CP_gene113	50.000	18	9	0	713	730	1908	1925	3.7	22.7	1
mRNA33	gene-OU3CP_gene47	33.333	42	27	1	1167	1208	346	386	4.4	22.3	3
mRNA33	gene-OU3CP_gene80	28.571	56	31	2	374	429	113	159	4.7	21.9	5
mRNA33	gene-OU3CP_gene84	37.037	27	17	0	990	1016	171	197	5.6	21.9	2
mRNA33	gene-OU3CP_gene91	46.667	15	8	0	138	152	194	208	8.4	21.2	1
mRNA34	gene-OU3CP_gene50	100.000	235	0	0	1	235	1	235	0.0	489	100
mRNA34	gene-OU3CP_gene26	32.653	49	31	1	98	146	60	106	0.013	27.3	21
mRNA34	gene-OU3CP_gene62	24.490	49	37	0	85	133	65	113	1.5	20.8	21
mRNA34	gene-OU3CP_gene83	28.788	66	30	3	57	109	679	740	2.9	20.4	40
mRNA34	gene-OU3CP_gene83	30.952	42	19	2	183	224	217	248	5.0	19.6	40
mRNA34	gene-OU3CP_gene113	40.000	20	12	0	129	148	1052	1071	4.3	19.6	9
mRNA34	gene-OU3CP_gene101	28.571	21	15	0	55	75	15	35	7.3	18.9	9
mRNA34	gene-OU3CP_gene103	42.105	19	11	0	115	133	81	99	7.4	18.9	8
mRNA34	gene-OU3CP_gene54	38.095	21	13	0	66	86	161	181	9.7	18.5	51
mRNA34	gene-OU3CP_gene54	26.415	106	50	6	118	217	261	344	9.9	18.5	51
mRNA35	gene-OU3CP_gene51	100.000	249	0	0	1	249	1	249	0.0	495	100
mRNA35	gene-OU3CP_gene32	26.190	42	23	1	75	116	254	287	1.2	21.6	17
mRNA35	gene-OU3CP_gene3	23.077	52	30	2	158	209	328	369	1.5	21.2	21
mRNA35	gene-OU3CP_gene113	66.667	9	3	0	90	98	1203	1211	9.7	18.9	4
mRNA36	gene-OU3CP_gene52	100.000	82	0	0	1	82	1	82	1.64e-53	153	100
mRNA36	gene-OU3CP_gene74	36.364	22	14	0	21	42	148	169	6.3	16.9	27
mRNA37	gene-OU3CP_gene53	100.000	185	0	0	1	185	1	185	3.11e-137	373	100
mRNA37	gene-OU3CP_gene91	30.303	33	23	0	115	147	301	333	0.089	24.3	18
mRNA37	gene-OU3CP_gene25	24.074	54	39	1	15	68	265	316	2.2	20.0	29
mRNA37	gene-OU3CP_gene111	36.842	38	17	1	121	151	31	68	3.0	19.2	17
mRNA37	gene-OU3CP_gene82	47.619	21	10	1	159	178	64	84	4.6	18.9	11
mRNA37	gene-OU3CP_gene49	34.783	23	15	0	24	46	707	729	7.9	18.5	12
mRNA37	gene-OU3CP_gene47	39.394	33	16	1	79	107	1043	1075	8.2	18.5	16
mRNA38	gene-OU3CP_gene54	100.000	508	0	0	1	508	1	508	0.0	1019	100
mRNA38	gene-OU3CP_gene32	25.616	406	271	13	67	457	67	456	1.66e-17	76.3	77
mRNA38	gene-OU3CP_gene91	25.000	60	42	2	408	464	130	189	1.8	21.9	11
mRNA38	gene-OU3CP_gene63	22.388	67	45	2	1	61	101	166	4.3	20.4	12
mRNA38	gene-OU3CP_gene48	41.667	24	11	1	466	489	151	171	5.1	20.8	5
mRNA38	gene-OU3CP_gene47	26.316	38	28	0	48	85	638	675	8.4	20.0	7
mRNA39	gene-OU3CP_gene57	100.000	34	0	0	1	34	1	34	1.95e-18	61.6	100
mRNA39	gene-OU3CP_gene9	100.000	34	0	0	1	34	1	34	1.95e-18	61.6	100
mRNA40	gene-OU3CP_gene58	100.000	509	0	0	1	509	1	509	0.0	1031	100
mRNA40	gene-OU3CP_gene90	24.768	323	181	13	2	291	32	325	2.53e-15	69.3	67
mRNA40	gene-OU3CP_gene90	29.412	51	36	0	419	469	394	444	0.002	31.6	67
mRNA40	gene-OU3CP_gene113	39.286	28	16	1	256	283	1910	1936	0.46	24.3	6
mRNA40	gene-OU3CP_gene84	25.676	74	53	2	156	228	66	138	2.5	21.6	14
mRNA40	gene-OU3CP_gene103	33.333	45	19	2	284	319	79	121	2.8	21.6	18
mRNA40	gene-OU3CP_gene103	27.273	55	31	2	409	463	785	830	9.1	20.0	18
mRNA40	gene-OU3CP_gene83	32.500	40	27	0	167	206	101	140	7.0	20.4	17
mRNA40	gene-OU3CP_gene83	35.000	40	24	1	302	341	266	303	7.0	20.4	17
mRNA40	gene-OU3CP_gene83	40.000	30	12	2	189	213	278	306	8.5	20.0	17
mRNA41	gene-OU3CP_gene59	97.222	36	1	0	1	36	1	36	2.06e-21	69.3	100
mRNA41	gene-OU3CP_gene72	36.000	25	16	0	9	33	79	103	0.73	17.7	69
mRNA41	gene-OU3CP_gene75	26.667	45	23	1	1	35	17	61	1.4	16.9	97
mRNA41	gene-OU3CP_gene51	46.154	13	7	0	21	33	56	68	1.6	16.9	36
mRNA41	gene-OU3CP_gene68	57.143	7	3	0	23	29	91	97	7.5	15.0	19
mRNA42	gene-OU3CP_gene60	100.000	44	0	0	1	44	1	44	7.73e-30	90.9	100
mRNA42	gene-OU3CP_gene83	26.667	30	16	1	13	36	442	471	0.32	19.2	55
mRNA42	gene-OU3CP_gene53	46.667	15	8	0	23	37	110	124	3.0	16.5	34
mRNA42	gene-OU3CP_gene49	57.143	7	3	0	37	43	505	511	4.5	16.2	16
mRNA42	gene-OU3CP_gene84	66.667	6	2	0	38	43	31	36	9.4	15.4	14
mRNA42	gene-OU3CP_gene58	42.857	21	10	1	17	37	36	54	9.7	15.4	48
mRNA43	gene-OU3CP_gene61	100.000	76	0	0	1	76	1	76	1.70e-52	150	100
mRNA43	gene-OU3CP_gene47	42.105	19	11	0	54	72	836	854	3.0	18.1	25
mRNA43	gene-OU3CP_gene84	35.000	40	22	1	25	60	112	151	3.6	17.7	47
mRNA44	gene-OU3CP_gene62	100.000	216	0	0	1	216	1	216	4.32e-161	436	100
mRNA44	gene-OU3CP_gene50	24.490	49	37	0	65	113	85	133	1.4	20.8	23
mRNA44	gene-OU3CP_gene26	31.111	45	29	1	40	82	11	55	3.0	20.0	20
mRNA44	gene-OU3CP_gene4	30.556	36	21	1	100	131	141	176	4.4	19.6	15
mRNA44	gene-OU3CP_gene113	27.586	29	21	0	170	198	747	775	7.1	18.9	13
mRNA44	gene-OU3CP_gene31	25.287	87	56	4	32	110	189	274	9.5	18.5	37
mRNA45	gene-OU3CP_gene63	100.000	179	0	0	1	179	1	179	2.42e-131	357	100
mRNA45	gene-OU3CP_gene54	22.388	67	45	2	101	166	1	61	1.5	20.4	37
mRNA45	gene-OU3CP_gene83	31.429	35	17	2	141	171	392	423	2.0	20.4	17
mRNA45	gene-OU3CP_gene10	24.528	53	29	1	62	103	3	55	3.0	19.2	23
mRNA45	gene-OU3CP_gene90	50.000	16	8	0	143	158	168	183	3.7	19.2	9
mRNA45	gene-OU3CP_gene14	38.462	13	8	0	166	178	39	51	5.0	18.5	7
mRNA45	gene-OU3CP_gene113	40.741	27	14	1	64	90	118	142	5.2	18.9	15
mRNA45	gene-OU3CP_gene72	26.316	19	14	0	73	91	46	64	6.7	18.1	11
mRNA45	gene-OU3CP_gene62	30.769	39	27	0	138	176	147	185	9.0	18.1	22
mRNA45	gene-OU3CP_gene84	27.027	74	47	1	88	154	129	202	9.8	18.1	37
mRNA46	gene-OU3CP_gene64	100.000	337	0	0	1	337	1	337	0.0	689	100
mRNA46	gene-OU3CP_gene91	24.138	87	52	3	174	247	152	237	1.2	21.9	22
mRNA46	gene-OU3CP_gene3	25.439	114	60	5	160	260	48	149	4.1	20.4	30
mRNA46	gene-OU3CP_gene4	21.429	56	43	1	114	169	297	351	4.2	20.4	17
mRNA46	gene-OU3CP_gene103	54.545	11	5	0	222	232	229	239	6.9	19.6	3
mRNA46	gene-OU3CP_gene49	36.364	33	21	0	237	269	406	438	8.0	19.6	10
mRNA46	gene-OU3CP_gene70	58.333	12	5	0	26	37	26	37	8.8	18.9	4
mRNA47	gene-OU3CP_gene65	100.000	131	0	0	1	131	1	131	1.18e-95	263	100
mRNA47	gene-OU3CP_gene49	37.500	32	17	1	72	100	178	209	4.6	18.5	38
mRNA47	gene-OU3CP_gene49	27.586	29	21	0	93	121	347	375	7.2	18.1	38
mRNA47	gene-OU3CP_gene103	42.857	14	8	0	90	103	952	965	6.4	18.1	11
mRNA47	gene-OU3CP_gene1	54.545	11	5	0	21	31	258	268	8.2	17.7	8
mRNA47	gene-OU3CP_gene113	40.000	20	12	0	13	32	1007	1026	8.2	17.7	15
mRNA48	gene-OU3CP_gene66	100.000	38	0	0	1	38	1	38	1.66e-22	72.0	100
mRNA48	gene-OU3CP_gene113	28.571	21	15	0	16	36	1574	1594	0.51	18.5	55
mRNA48	gene-OU3CP_gene49	40.000	20	7	1	8	22	230	249	3.3	16.2	39
mRNA48	gene-OU3CP_gene102	44.444	9	5	0	15	23	439	447	9.4	15.0	24
mRNA49	gene-OU3CP_gene67	100.000	79	0	0	1	79	1	79	3.96e-56	159	100
mRNA49	gene-OU3CP_gene113	35.000	20	13	0	2	21	1007	1026	3.8	17.7	25
mRNA49	gene-OU3CP_gene83	42.857	14	6	1	25	38	620	631	8.8	16.5	18
mRNA50	gene-OU3CP_gene68	100.000	133	0	0	1	133	1	133	9.31e-97	266	100
mRNA50	gene-OU3CP_gene103	43.478	23	13	0	21	43	684	706	0.086	23.9	17
mRNA50	gene-OU3CP_gene21	53.846	13	6	0	2	14	6	18	4.4	18.1	10
mRNA51	gene-OU3CP_gene69	100.000	123	0	0	1	123	1	123	3.45e-90	249	100
mRNA51	gene-OU3CP_gene31	36.364	22	14	0	71	92	285	306	0.63	20.8	18
mRNA51	gene-OU3CP_gene91	38.095	21	13	0	99	119	121	141	5.8	18.1	17
mRNA52	gene-OU3CP_gene70	100.000	135	0	0	1	135	1	135	4.34e-98	270	100
mRNA52	gene-OU3CP_gene102	58.333	12	5	0	96	107	334	345	3.4	18.9	9
mRNA52	gene-OU3CP_gene64	58.333	12	5	0	26	37	26	37	3.4	18.9	9
mRNA52	gene-OU3CP_gene27	29.630	27	19	0	84	110	15	41	3.5	18.9	20
mRNA52	gene-OU3CP_gene83	47.368	19	10	0	104	122	730	748	7.1	18.1	14
mRNA52	gene-OU3CP_gene74	26.667	45	29	2	45	88	197	238	8.3	17.7	33
mRNA53	gene-OU3CP_gene71	100.000	219	0	0	1	219	1	219	7.77e-164	443	100
mRNA53	gene-OU3CP_gene49	21.154	52	41	0	137	188	628	679	2.2	20.4	24
mRNA53	gene-OU3CP_gene48	28.125	32	20	1	154	182	205	236	2.8	20.0	13
mRNA53	gene-OU3CP_gene32	43.750	16	9	0	157	172	451	466	3.0	20.0	34
mRNA53	gene-OU3CP_gene32	24.242	66	45	1	98	163	263	323	4.2	19.6	34
mRNA53	gene-OU3CP_gene103	35.000	20	13	0	167	186	1455	1474	7.7	18.9	9
mRNA54	gene-OU3CP_gene72	100.000	143	0	0	1	143	1	143	1.84e-106	292	100
mRNA54	gene-OU3CP_gene59	40.000	25	15	0	79	103	9	33	0.28	20.4	17
mRNA54	gene-OU3CP_gene6	33.333	15	10	0	126	140	39	53	3.0	18.1	10
mRNA54	gene-OU3CP_gene63	26.316	19	14	0	46	64	73	91	5.3	18.1	13
mRNA55	gene-OU3CP_gene73	100.000	93	0	0	1	93	1	93	1.25e-67	189	100
mRNA55	gene-OU3CP_gene22	33.333	24	14	1	59	82	8	29	1.4	18.1	26
mRNA55	gene-OU3CP_gene113	30.952	42	16	1	8	36	1256	1297	1.5	19.2	46
mRNA55	gene-OU3CP_gene113	42.857	14	8	0	47	60	860	873	1.6	19.2	46
mRNA55	gene-OU3CP_gene3	27.869	61	29	2	14	61	244	302	1.9	18.9	52
mRNA55	gene-OU3CP_gene58	27.273	44	32	0	34	77	5	48	3.6	18.1	47
mRNA56	gene-OU3CP_gene74	100.000	277	0	0	1	277	1	277	0.0	561	100
mRNA56	gene-OU3CP_gene75	29.268	41	29	0	203	243	27	67	0.19	23.1	15
mRNA56	gene-OU3CP_gene29	47.059	17	9	0	112	128	250	266	0.67	22.3	6
mRNA56	gene-OU3CP_gene31	22.973	148	102	2	34	169	278	425	0.73	22.3	49
mRNA56	gene-OU3CP_gene83	30.435	46	21	1	125	159	513	558	0.80	22.3	13
mRNA56	gene-OU3CP_gene47	37.838	37	19	2	103	137	812	846	2.0	21.2	13
mRNA56	gene-OU3CP_gene25	28.000	50	36	0	177	226	241	290	4.4	19.6	27
mRNA56	gene-OU3CP_gene25	37.931	29	14	1	113	137	237	265	9.5	18.9	27
mRNA56	gene-OU3CP_gene103	57.143	14	6	0	125	138	911	924	8.2	19.2	5
mRNA56	gene-OU3CP_gene26	23.684	38	27	1	241	276	56	93	9.2	18.9	13
mRNA56	gene-OU3CP_gene3	50.000	10	5	0	185	194	321	330	9.8	18.9	4
mRNA57	gene-OU3CP_gene75	100.000	92	0	0	1	92	1	92	4.07e-68	191	100
mRNA57	gene-OU3CP_gene74	29.268	41	29	0	27	67	203	243	0.063	23.1	45
mRNA57	gene-OU3CP_gene103	27.451	51	34	2	16	66	1699	1746	0.48	20.8	55
mRNA57	gene-OU3CP_gene4	21.739	46	30	1	1	46	263	302	3.3	18.1	50
mRNA57	gene-OU3CP_gene29	34.783	23	15	0	48	70	157	179	3.5	18.1	25
mRNA57	gene-OU3CP_gene49	33.333	21	14	0	2	22	410	430	3.7	18.1	23
mRNA57	gene-OU3CP_gene102	23.529	34	25	1	6	38	270	303	5.5	17.7	36
mRNA57	gene-OU3CP_gene26	47.059	17	6	1	30	43	158	174	7.7	16.9	15
mRNA58	gene-OU3CP_gene80	100.000	202	0	0	1	202	1	202	7.03e-151	409	100
mRNA58	gene-OU3CP_gene84	30.000	70	31	3	70	137	314	367	0.46	22.3	34
mRNA58	gene-OU3CP_gene49	28.571	56	31	2	113	159	374	429	0.78	21.9	23
mRNA58	gene-OU3CP_gene23	35.294	17	11	0	21	37	1	17	3.5	18.1	8
mRNA58	gene-OU3CP_gene83	50.000	14	7	0	116	129	362	375	5.8	18.9	7
mRNA58	gene-OU3CP_gene33	20.690	29	23	0	160	188	34	62	7.2	18.5	14
mRNA59	gene-OU3CP_gene82	99.415	171	1	0	1	171	1	171	4.14e-129	351	100
mRNA59	gene-OU3CP_gene53	47.619	21	10	1	64	84	159	178	4.0	18.9	12
mRNA60	gene-OU3CP_gene83	100.000	751	0	0	1	751	1	751	0.0	1521	100
mRNA60	gene-OU3CP_gene84	44.695	754	342	17	32	744	8	727	0.0	579	95
mRNA60	gene-OU3CP_gene74	30.435	46	21	1	513	558	125	159	2.4	22.3	6
mRNA60	gene-OU3CP_gene60	26.667	30	16	1	442	471	13	36	5.2	19.2	4
mRNA60	gene-OU3CP_gene113	36.842	19	12	0	425	443	473	491	5.4	21.2	12
mRNA60	gene-OU3CP_gene113	22.368	76	54	3	310	380	568	643	9.9	20.4	12
mRNA60	gene-OU3CP_gene40	34.615	26	16	1	441	466	12	36	6.5	18.9	3
mRNA60	gene-OU3CP_gene7	34.615	26	16	1	441	466	12	36	6.5	18.9	3
mRNA60	gene-OU3CP_gene63	31.429	35	17	2	392	423	141	171	8.6	20.0	4
mRNA60	gene-OU3CP_gene50	28.788	66	30	3	679	740	57	109	9.2	20.4	8
mRNA61	gene-OU3CP_gene84	99.864	735	1	0	1	735	1	735	0.0	1490	100
mRNA61	gene-OU3CP_gene83	44.695	754	342	17	8	727	32	744	0.0	556	98
mRNA61	gene-OU3CP_gene80	30.000	70	31	3	314	367	70	137	1.7	22.3	7
mRNA61	gene-OU3CP_gene58	25.676	74	53	2	66	138	156	228	3.3	21.9	10
mRNA61	gene-OU3CP_gene49	37.037	27	17	0	171	197	990	1016	3.5	21.9	4
mRNA61	gene-OU3CP_gene103	22.917	48	32	2	190	234	1572	1617	6.2	21.2	6
mRNA61	gene-OU3CP_gene25	46.667	15	8	0	71	85	272	286	6.5	20.8	2
mRNA62	gene-OU3CP_gene85	100.000	100	0	0	1	100	1	100	1.80e-72	202	100
mRNA62	gene-OU3CP_gene33	47.059	17	9	0	1	17	98	114	1.6	19.2	17
mRNA62	gene-OU3CP_gene47	36.364	22	14	0	69	90	682	703	3.2	18.5	22
mRNA62	gene-OU3CP_gene91	50.000	14	7	0	75	88	121	134	7.9	17.3	14
mRNA63	gene-OU3CP_gene88	100.000	76	0	0	1	76	1	76	1.98e-50	146	75
mRNA63	gene-OU3CP_gene101	36.000	25	15	1	73	96	251	275	6.0	17.7	24
mRNA63	gene-OU3CP_gene113	25.926	27	20	0	20	46	1723	1749	7.1	17.3	27
mRNA63	gene-OU3CP_gene26	60.000	10	4	0	54	63	163	172	9.8	16.9	10
mRNA63	gene-OU3CP_gene49	35.897	39	25	0	59	97	1120	1158	9.8	16.9	39
mRNA64	gene-OU3CP_gene90	100.000	474	0	0	1	474	1	474	0.0	956	100
mRNA64	gene-OU3CP_gene58	24.768	323	181	13	32	325	2	291	1.02e-12	61.2	77
mRNA64	gene-OU3CP_gene58	28.767	73	50	1	394	464	419	491	2.94e-05	37.4	77
mRNA64	gene-OU3CP_gene3	21.348	89	62	2	145	233	270	350	0.57	23.5	27
mRNA64	gene-OU3CP_gene3	25.000	40	29	1	92	131	386	424	8.0	20.0	27
mRNA64	gene-OU3CP_gene102	30.612	49	28	3	388	431	184	231	0.69	23.5	9
mRNA64	gene-OU3CP_gene47	30.769	39	14	2	214	242	781	816	3.5	21.2	12
mRNA64	gene-OU3CP_gene47	27.586	29	15	1	259	287	216	238	6.9	20.0	12
mRNA64	gene-OU3CP_gene103	34.483	29	19	0	301	329	136	164	4.2	20.8	6
mRNA64	gene-OU3CP_gene25	31.818	44	27	1	83	126	258	298	4.8	20.4	9
mRNA64	gene-OU3CP_gene20	41.176	17	10	0	200	216	13	29	6.4	18.9	4
mRNA65	gene-OU3CP_gene91	100.000	354	0	0	1	354	1	354	0.0	719	100
mRNA65	gene-OU3CP_gene1	31.544	298	193	6	10	299	8	302	6.45e-39	134	82
mRNA65	gene-OU3CP_gene53	30.303	33	23	0	301	333	115	147	0.17	24.3	9
mRNA65	gene-OU3CP_gene29	25.000	48	35	1	242	289	206	252	0.59	23.1	23
mRNA65	gene-OU3CP_gene29	22.667	75	48	2	248	321	42	107	3.9	20.4	23
mRNA65	gene-OU3CP_gene47	25.862	58	34	2	25	79	508	559	0.68	23.1	16
mRNA65	gene-OU3CP_gene64	24.138	87	52	3	152	237	174	247	1.2	21.9	24
mRNA65	gene-OU3CP_gene54	25.000	60	42	2	130	189	408	464	1.3	21.9	17
mRNA65	gene-OU3CP_gene101	28.571	42	29	1	309	350	37	77	1.6	21.6	12
mRNA65	gene-OU3CP_gene33	42.105	19	11	0	106	124	51	69	2.3	20.8	5
mRNA65	gene-OU3CP_gene49	46.667	15	8	0	194	208	138	152	2.5	21.2	13
mRNA65	gene-OU3CP_gene49	27.273	33	21	1	314	343	354	386	7.6	19.6	13
mRNA65	gene-OU3CP_gene111	53.846	13	6	0	240	252	137	149	3.4	20.4	4
mRNA65	gene-OU3CP_gene4	25.581	43	29	2	63	104	435	475	4.8	20.0	12
mRNA65	gene-OU3CP_gene113	22.449	49	35	1	49	94	1084	1132	8.5	19.6	13
mRNA66	gene-OU3CP_gene101	100.000	292	0	0	1	292	1	292	0.0	592	100
mRNA66	gene-OU3CP_gene31	23.750	80	54	3	97	174	237	311	0.020	27.3	27
mRNA66	gene-OU3CP_gene105	53.846	13	6	0	192	204	18	30	0.45	21.9	4
mRNA66	gene-OU3CP_gene91	28.571	42	29	1	37	77	309	350	1.2	21.6	14
mRNA66	gene-OU3CP_gene6	55.556	9	4	0	198	206	33	41	2.7	19.2	3
mRNA66	gene-OU3CP_gene11	25.926	27	20	0	210	236	51	77	4.7	19.2	9
mRNA66	gene-OU3CP_gene47	50.000	14	7	0	254	267	279	292	6.1	19.6	13
mRNA66	gene-OU3CP_gene47	28.947	38	27	0	240	277	753	790	9.9	18.9	13
mRNA66	gene-OU3CP_gene4	25.000	40	30	0	171	210	221	260	7.7	19.2	14
mRNA67	gene-OU3CP_gene102	100.000	469	0	0	1	469	1	469	0.0	969	100
mRNA67	gene-OU3CP_gene4	36.364	33	19	1	92	122	78	110	0.084	26.2	7
mRNA67	gene-OU3CP_gene90	30.612	49	28	3	184	231	388	431	0.71	23.1	10
mRNA67	gene-OU3CP_gene113	20.588	68	40	2	386	453	239	292	1.3	22.3	14
mRNA67	gene-OU3CP_gene29	20.645	155	94	5	278	424	4	137	3.1	21.2	31
mRNA67	gene-OU3CP_gene3	28.947	38	27	0	297	334	401	438	4.6	20.8	8
mRNA67	gene-OU3CP_gene47	36.842	38	23	1	297	334	217	253	10.0	19.6	8
mRNA68	gene-OU3CP_gene103	99.488	1757	0	1	1	1748	1	1757	0.0	3578	100
mRNA68	gene-OU3CP_gene113	26.241	141	87	7	1157	1291	622	751	0.12	28.1	10
mRNA68	gene-OU3CP_gene113	52.632	19	9	0	1648	1666	1565	1583	1.1	24.6	10
mRNA68	gene-OU3CP_gene113	40.741	27	16	0	955	981	84	110	8.0	21.9	10
mRNA68	gene-OU3CP_gene68	43.478	23	13	0	684	706	21	43	1.2	23.9	1
mRNA68	gene-OU3CP_gene19	53.333	15	7	0	305	319	3	17	3.2	20.8	1
mRNA68	gene-OU3CP_gene3	32.143	28	19	0	1052	1079	250	277	7.3	21.9	2
mRNA68	gene-OU3CP_gene47	35.897	39	19	1	1628	1660	644	682	8.2	21.9	2
mRNA68	gene-OU3CP_gene75	27.451	51	34	2	1690	1737	16	66	9.1	20.8	3
mRNA68	gene-OU3CP_gene58	33.333	45	19	2	79	121	284	319	9.5	21.6	2
mRNA68	gene-OU3CP_gene48	36.585	41	21	3	198	238	371	406	9.9	21.6	2
mRNA69	gene-OU3CP_gene104	100.000	89	0	0	1	89	1	89	7.80e-61	172	100
mRNA69	gene-OU3CP_gene49	29.630	27	19	0	26	52	214	240	0.10	22.7	30
mRNA69	gene-OU3CP_gene4	36.364	22	14	0	56	77	68	89	3.2	18.1	25
mRNA69	gene-OU3CP_gene3	33.962	53	32	3	25	77	307	356	3.4	18.1	60
mRNA70	gene-OU3CP_gene105	100.000	82	0	0	1	82	1	82	4.15e-60	170	100
mRNA70	gene-OU3CP_gene101	53.846	13	6	0	18	30	192	204	0.13	21.9	16
mRNA70	gene-OU3CP_gene50	33.333	15	10	0	61	75	12	26	6.1	16.9	18
mRNA70	gene-OU3CP_gene103	41.667	12	7	0	4	15	1327	1338	6.8	16.9	15
mRNA71	gene-OU3CP_gene106	100.000	321	0	0	1	321	1	321	0.0	649	100
mRNA71	gene-OU3CP_gene3	22.500	40	31	0	96	135	166	205	1.8	21.6	12
mRNA71	gene-OU3CP_gene48	44.444	18	10	0	268	285	638	655	5.5	20.0	6
mRNA71	gene-OU3CP_gene113	23.301	103	70	4	59	152	1495	1597	9.7	19.2	29
mRNA72	gene-OU3CP_gene109	100.000	71	0	0	1	71	1	71	7.03e-48	138	100
mRNA72	gene-OU3CP_gene49	47.368	19	10	0	1	19	437	455	0.098	21.9	31
mRNA72	gene-OU3CP_gene49	62.500	8	3	0	15	22	178	185	7.3	16.5	31
mRNA72	gene-OU3CP_gene103	28.814	59	32	1	8	66	311	359	3.0	17.7	90
mRNA72	gene-OU3CP_gene103	33.333	24	16	0	3	26	1581	1604	7.6	16.5	90
mRNA73	gene-OU3CP_gene111	100.000	156	0	0	1	156	1	156	6.93e-115	314	100
mRNA73	gene-OU3CP_gene91	53.846	13	6	0	137	149	240	252	1.5	20.4	8
mRNA73	gene-OU3CP_gene53	36.842	38	17	1	31	68	121	151	2.5	19.2	24
mRNA73	gene-OU3CP_gene49	31.579	38	20	2	1	38	727	758	5.1	18.9	24
mRNA73	gene-OU3CP_gene47	42.105	19	8	1	86	104	782	797	6.9	18.5	12
mRNA73	gene-OU3CP_gene103	27.778	54	30	1	87	131	316	369	7.6	18.1	29
mRNA73	gene-OU3CP_gene113	50.000	10	5	0	102	111	2033	2042	9.1	18.1	6
mRNA74	gene-OU3CP_gene113	99.906	2127	2	0	1	2127	1	2127	0.0	4330	100
mRNA74	gene-OU3CP_gene103	25.333	150	86	8	622	751	1157	1300	1.1	25.0	7
mRNA74	gene-OU3CP_gene103	52.632	19	9	0	1565	1583	1657	1675	1.4	24.6	7
mRNA74	gene-OU3CP_gene58	39.286	28	16	1	1910	1936	256	283	1.9	24.3	1
mRNA74	gene-OU3CP_gene4	41.667	24	14	0	587	610	341	364	3.8	23.1	1
mRNA74	gene-OU3CP_gene3	34.615	52	26	3	1328	1371	311	362	4.2	23.1	2
mRNA74	gene-OU3CP_gene102	20.588	68	40	2	239	292	386	453	5.8	22.7	3
mRNA74	gene-OU3CP_gene49	50.000	18	9	0	1908	1925	713	730	6.5	22.7	1
mRNA74	gene-OU3CP_gene10	24.561	57	37	1	864	920	125	175	6.8	21.9	3
mRNA74	gene-OU3CP_gene47	35.000	40	24	1	607	644	44	83	8.3	22.3	2
